#     GEN:            L2:          <L2>:
         1        2044.32        2714.12
         2        2013.86        2483.91
         3        1843.14        2292.82
         4        1758.93        2142.95
         5        1701.32        2004.51
         6        1584.83         1880.8
         7        1512.62        1784.62
         8         1460.8        1693.82
         9        1399.14        1618.68
        10        1331.61        1562.18
        11        1262.05        1503.24
        12        1215.86        1442.01
        13        1134.77        1366.99
        14        1058.15        1278.73
        15        996.784        1198.92
        16        942.567        1129.62
        17        891.415        1071.48
        18        856.097        1015.68
        19        840.964        968.822
        20        801.786        927.332
        21        779.435        898.389
        22        745.665        865.612
        23        727.456          834.8
        24        716.831        804.675
        25        686.549        784.364
        26        667.267        759.356
        27        657.013        740.188
        28        646.216        723.619
        29        630.645        712.671
        30        587.922        696.965
        31        578.187        687.127
        32         569.98        671.842
        33        556.078         646.14
        34        520.508        626.078
        35        506.107        610.148
        36        499.083        589.882
        37        493.127         563.56
        38        482.981        536.795
        39        476.735        518.933
        40         459.89        507.368
        41        447.373        499.226
        42        447.373        486.998
        43        426.859        475.433
        44         420.16        463.334
        45        405.996        452.947
        46        394.733        440.857
        47        376.389        428.878
        48        369.553        413.537
        49        369.553        398.902
        50        363.386        387.774
        51        353.334        378.333
        52        346.103        371.718
        53        334.863        364.789
        54        329.763        359.305
        55        320.501        357.764
        56        316.876         361.45
        57        309.702        360.923
        58        305.887        355.341
        59        299.374         346.57
        60        297.092        336.324
        61        294.516        325.548
        62        287.886        316.773
        63        281.087        309.773
        64        274.031        310.495
        65        271.987        312.766
        66        263.629        311.494
        67        259.149         298.66
        68        258.452        287.672
        69        253.384        279.256
        70        245.875        276.926
        71         240.11        274.032
        72         240.11        271.423
        73        236.599        267.987
        74        232.855        260.771
        75         231.97        251.726
        76        228.451        245.161
        77        220.493        241.102
        78        218.407        237.041
        79        216.267        233.258
        80        213.735        228.948
        81        212.442        224.582
        82        208.962        220.997
        83        206.223        217.421
        84        203.319        214.101
        85        200.972        212.602
        86        196.959         210.94
        87        196.453        208.621
        88        192.922         205.73
        89        189.663        203.458
        90        186.082        201.724
        91        184.152        199.852
        92        180.801        197.754
        93        175.841         195.17
        94        175.299        192.935
        95        173.911        187.548
        96        172.568        182.245
        97        170.169        181.587
        98        167.965        183.986
        99        164.899        185.404
       100        159.806        183.322
       101        157.843        180.736
       102        156.349        177.196
       103        154.101          174.3
       104        152.507        175.996
       105        152.233        181.706
       106        149.749        186.345
       107        148.588        189.169
       108        146.578        189.759
       109        145.503        183.741
       110        143.493        171.307
       111         141.17        160.705
       112         141.17        154.002
       113        139.773        150.752
       114        138.439        150.511
       115        137.386         154.96
       116        136.835        162.592
       117        135.781        172.656
       118        134.121        178.022
       119        133.885        169.706
       120        130.821        156.586
       121        130.549        146.441
       122        130.172        141.435
       123        128.827        137.146
       124        127.509        134.926
       125        126.609        133.697
       126        126.184        132.589
       127        124.866        130.995
       128        123.342        129.006
       129        121.064        128.727
       130        120.493        130.872
       131        119.022        133.767
       132        118.973        137.419
       133        117.921        139.156
       134        116.629        141.696
       135        116.629        140.981
       136        115.181        140.551
       137        114.967         138.49
       138        112.506        134.624
       139        112.506        133.606
       140        111.257        133.521
       141        109.081        130.354
       142        108.546        123.873
       143        108.325        120.732
       144        105.412        118.839
       145        104.395        118.933
       146        104.395        116.011
       147        103.537        114.489
       148        103.537        111.605
       149        100.688        110.757
       150        100.688        112.062
       151        100.688        116.049
       152        100.688        121.931
       153        100.159        122.976
       154        100.078        119.496
       155        98.7549        112.442
       156        98.2262        108.458
       157        98.2262        105.792
       158        97.6236        104.732
       159        97.1617        103.301
       160        97.0393        103.277
       161        96.5592        106.934
       162        95.8598        111.609
       163         95.191         116.99
       164         93.889        115.655
       165         93.889        113.299
       166        93.0876         111.49
       167        93.0876        107.489
       168        92.1035        102.633
       169        92.1035        99.8106
       170        91.1685        98.0476
       171        90.1844          95.58
       172        90.1439        94.0098
       173        88.6333        92.7357
       174        85.9914        91.8289
       175        85.0748        91.2326
       176        85.0344        90.8731
       177          84.65        90.4343
       178          84.65        89.0568
       179        84.2986        87.6873
       180        84.2986        86.5088
       181        84.0439        87.0153
       182         83.869        86.4706
       183        83.5176         86.504
       184        83.1491        86.0635
       185        82.4446         85.621
       186        82.0761        85.4464
       187        82.0761        85.8085
       188        81.6355        85.6082
       189        80.7992        84.5523
       190        80.1065        84.2001
       191        79.1968        83.7123
       192        79.1968        82.8503
       193        79.1282        82.0348
       194        78.6132        81.8124
       195        77.8005        81.0721
       196        77.8005        81.4373
       197        77.8005        82.7954
       198        77.7707        85.5696
       199        77.4125        88.2314
       200        77.3827        85.8058
       201        77.1161        84.3646
       202        77.0399        82.6094
       203         76.335        81.0476
       204         76.223        80.8623
       205         76.223        79.7573
       206         76.223        78.9134
       207        76.0188        78.8098
       208        76.0188        77.8998
       209        75.5923        77.4596
       210        75.2816        76.9673
       211        75.1672        76.9202
       212        75.1672        76.4548
       213        75.1672        76.2123
       214        75.1672        76.3229
       215        75.1672        76.1954
       216        75.1672        76.0292
       217        75.1672        75.8007
       218        74.3669        75.6909
       219        74.3669        75.6985
       220          74.02        75.2954
       221        73.1941        75.0204
       222         72.063        75.2693
       223         72.063        78.0558
       224         72.063        82.9873
       225        70.2741        85.3778
       226        70.2741        84.1797
       227        70.2741        80.6525
       228        70.2741        76.9553
       229        69.5238        74.2229
       230        69.5192         71.891
       231        68.7793        71.2839
       232        68.0245        70.4778
       233        68.0245        70.0723
       234        67.8607         70.654
       235        67.2664        70.0912
       236        67.2664        69.3121
       237        66.9321        68.7836
       238        66.7557         68.429
       239        66.3626        68.0203
       240        66.1863        67.5388
       241         66.038        67.6523
       242        65.3229         67.343
       243        64.9983         67.773
       244        64.9983        66.7971
       245        64.9548         66.042
       246        64.3854        65.9941
       247        64.3854        66.5678
       248        64.3854        66.3398
       249        64.3586        65.5253
       250        64.0836        65.7179
       251        63.8805         65.594
       252        63.8805        65.1899
       253        63.8805        65.0643
       254        63.8805        64.2781
       255        63.8805        64.1394
       256        63.8805        65.3901
       257        63.6293        70.3139
       258        63.6293        80.9886
       259        63.6293         89.252
       260        63.6293        87.1959
       261        63.6293        82.9572
       262        63.5278        85.5284
       263        63.4732        89.3915
       264         63.222        92.2855
       265        63.1799        89.0452
       266        63.1799        78.7181
       267        63.1799        73.6965
       268        63.1799        71.1869
       269        63.1799        75.7529
       270        63.1799        86.2514
       271        63.1799        93.1147
       272        63.1799        95.9164
       273        63.1799        91.1192
       274        63.1799        83.3862
       275        63.1799        73.9976
       276        63.1799        68.3692
       277        63.1799        66.8788
       278        63.1799        65.5026
       279        63.1799        64.4302
       280        63.1799        64.1911
       281        63.1799        63.7308
       282        63.1799        63.7252
       283        63.1799        63.9241
       284        63.1799        63.6274
       285        63.1799         63.551
       286        63.1799        63.4118
       287        63.1799         63.416
       288        63.1799        63.1844
       289        62.7726        63.1986
       290        62.7726        63.2922
       291        62.7726         63.261
       292        62.7726        63.3511
       293        62.7726        63.0885
       294        62.7726        63.2224
       295        62.7726        63.3242
       296        62.7726        63.1246
       297        62.7726        63.1062
       298        62.7726        63.0515
       299        62.7726        63.0823
       300        62.7726        63.2112
       301        62.7726        63.3195
       302        62.0085        63.0735
       303        62.0085        62.8357
       304        62.0085        63.1862
       305        62.0085        62.8365
       306        62.0085        62.6226
       307        62.0085         62.821
       308        62.0085        62.9903
       309        62.0085        62.7487
       310        62.0085        62.7302
       311        62.0085        62.3617
       312        62.0085        62.3562
       313        62.0085        62.3708
       314        62.0085        62.4256
       315        62.0085        62.6085
       316        62.0085        62.4338
       317        62.0085        63.0493
       318        62.0085         63.025
       319        62.0085        62.9643
       320        61.9604        62.6077
       321        61.9604        62.8318
       322        61.9604        62.2637
       323        61.9604        62.1524
       324        61.9604        62.2979
       325        61.9604        62.4031
       326        61.9604         62.243
       327        61.9604        62.2848
       328        61.9604        62.0835
       329        61.9604        62.2602
       330        61.7981        62.6853
       331        61.7981        62.5446
       332        61.7981        62.4837
       333        61.7981        62.3664
       334        61.7981        61.9891
       335        61.7981          61.98
       336        61.7981        61.9875
       337        61.7981        62.5022
       338        61.7981        62.5365
       339        61.7981        62.8137
       340        61.7981        62.1348
       341        61.7981        62.0545
       342        61.7981         62.115
       343        61.7981        62.1135
       344        61.7981        62.1124
       345        61.7981        62.1119
       346        61.7981        62.2622
       347        61.7981        61.9016
       348        61.7981        61.9993
       349        61.7981        61.9553
       350        61.7981        61.8898
       351        61.7981        61.8275
       352        61.7981        61.9061
       353        61.7981        62.1043
       354        61.7981        62.2244
       355        61.7981        62.5924
       356        61.7981        62.1502
       357        61.7981        62.3284
       358        61.7981         62.167
       359        61.7981        62.2316
       360        61.7981        62.4065
       361        61.7981        62.2061
       362        61.7981         62.356
       363        61.7981        62.4935
       364        61.7981        62.2094
       365        61.7981        62.2114
       366        61.7981        62.2591
       367        61.7981        63.0282
       368        61.7981         62.672
       369        61.7981        62.5985
       370        61.7981        62.3237
       371        61.7981        62.0162
       372        61.7981        62.0845
       373        61.7981        62.4749
       374        61.7981        62.5096
       375        61.7981        62.2037
       376        61.7981        62.3138
       377        61.7981        61.9778
       378        61.7981        62.1219
       379        61.7981         62.677
       380        61.7981        62.5473
       381        61.7981        62.6721
       382        61.7981        62.5813
       383        61.7981        62.4262
       384        61.7981        62.3597
       385        61.7981        62.2069
       386        61.7981        62.0546
       387        61.7981        62.4506
       388        61.7981        62.0321
       389        61.7981        62.2162
       390        61.7981        62.2261
       391        61.7981        62.0774
       392        61.7981        62.4022
       393        61.7981        62.3717
       394        61.7981         62.309
       395        61.7981        62.2225
       396        61.7981        62.0816
       397        61.7981        62.2787
       398        61.7981        62.5887
       399        61.7981        62.3905
       400        61.7981        62.8851
       401        61.7981        62.7969
       402        61.7981        62.1812
       403        61.7981         62.119
       404        61.7981        62.0017
       405        61.7981        62.1381
       406        61.7981        62.0266
       407        61.7981        62.2173
       408        61.7981        62.2657
       409        61.7981        62.6452
       410        61.7981        62.3333
       411        61.7981        62.3578
       412        61.7981        62.1424
       413        61.7981        62.1874
       414        61.7981        62.2166
       415        61.7981        62.1747
       416        61.7981        62.1434
       417        61.7981        62.2017
       418        61.7981        62.0896
       419        61.7981        61.9792
       420        61.7981        61.8845
       421        61.7981        61.9425
       422        61.7981        62.0187
       423        61.7981         62.173
       424        61.7981        62.3712
       425        61.7981        62.2587
       426        61.7981        62.1433
       427        61.7981        62.1887
       428        61.7981        62.2723
       429        61.7981        62.4691
       430        61.7981        62.5298
       431        61.7981        62.4908
       432        61.7981        62.5523
       433        61.7981        62.3512
       434        61.7981        62.2799
       435        61.7981        62.0924
       436        61.7981        61.8687
       437        61.7981        62.0364
       438        61.7981        62.1574
       439        61.7981        62.5715
       440        61.7981        62.4927
       441        61.7981        62.3512
       442        61.7981        62.1019
       443        61.7981        62.0701
       444        61.7981        61.9438
       445        61.7981        61.9632
       446        61.7981        62.4993
       447        61.7981        62.1709
       448        61.7981        62.5768
       449        61.7981        62.5354
       450        61.7981        62.1228
       451        61.7981        61.9361
       452        61.7981        62.2018
       453        61.7981        61.9298
       454        61.7981        62.0097
       455        61.7981         62.208
       456        61.7981        62.2137
       457        61.7981        62.0184
       458        61.7981        61.9091
       459        61.7981         62.086
       460        61.7981        62.2915
       461        61.7981        62.7546
       462        61.7981        62.2947
       463        61.7981        62.2204
       464        61.7981        62.3396
       465        61.7981        62.0939
       466        61.7981        62.3141
       467        61.7981        62.2338
       468        61.7981        62.1732
       469        61.7981        62.1374
       470        61.7981        62.0601
       471        61.7981        62.4495
       472        61.7981        62.9325
       473        61.7981        62.5669
       474        61.7981        62.8324
       475        61.7981        63.0565
       476        61.7981        63.0566
       477        61.7981        63.1107
       478        61.7981        62.2279
       479        61.7981        62.2241
       480        61.7981        62.3071
       481        61.7981        62.4514
       482        61.7981        62.3688
       483        61.7981        62.1138
       484        61.7981        62.0835
       485        61.7981        61.9833
       486        61.7981        61.9698
       487        61.7981        61.9949
       488        61.7981        61.9822
       489        61.7981        62.0126
       490        61.7981        62.1649
       491        61.7981        62.0953
       492        61.7981        62.3233
       493        61.7981        62.1952
       494        61.7981        62.4461
       495        61.7981        62.1911
       496        61.7981        62.5711
       497        61.7981          62.56
       498        61.7981        62.1576
       499        61.7981        62.0863
       500        61.7981        62.2236
       501        61.7981        61.9684
       502        61.7981         61.959
       503        61.7981        61.9796
       504        61.7981        61.9206
       505        61.7981        62.1351
       506        61.7981        62.2367
       507        61.7981        62.2834
       508        61.3053        62.4595
       509        61.3053        62.0043
       510        61.3053        61.9152
       511        61.3053        61.8781
       512        61.3053        61.9033
       513        61.3053        61.7473
       514        61.3053        61.5759
       515        61.3053        61.6659
       516        61.3053        61.7611
       517        61.3053        61.6622
       518        61.3053        61.4361
       519        61.3053        61.5873
       520        61.3053        61.7749
       521        61.2457        61.9404
       522        61.2457        62.0489
       523        61.2457         62.442
       524        61.2457         62.937
       525        61.2457        63.4104
       526        61.2457        62.7782
       527        61.2457        62.1637
       528        61.2457        62.1696
       529        61.2457        61.4746
       530        61.2457        61.5273
       531        61.2457        61.5115
       532        61.2457        61.3215
       533        61.2457        61.4931
       534        61.2457        61.4235
       535        61.2457        61.8631
       536        61.2457        61.9758
       537        61.2457        61.8095
       538        61.2457        62.4331
       539        61.2457        61.6626
       540        61.2457        61.7852
       541        61.2457        62.1286
       542        61.2457        61.9757
       543        61.2457        62.2182
       544        61.2457        62.2965
       545        61.2457        62.0513
       546        61.2457         61.636
       547        61.2457        61.7355
       548        61.2457        61.6432
       549        61.2457         61.754
       550        61.2457        61.6411
       551        61.2457        61.4857
       552        61.2457        61.7137
       553        61.2457        61.6133
       554        61.2457        61.6648
       555        61.2457        61.5932
       556        61.2457        61.6057
       557        61.2457        61.4308
       558        61.2457        61.5731
       559        61.2457        61.4026
       560        61.2457        61.5462
       561        61.2457        61.5021
       562        61.2457        61.4546
       563        61.2457         61.701
       564        61.2457         62.196
       565        61.2457        62.2543
       566        61.2457        62.3138
       567        61.2457        61.9335
       568        61.2457        61.6209
       569        61.2457        61.6681
       570        61.2457        61.6658
       571        61.2457        61.4852
       572        61.2457        61.4622
       573        61.2457        61.5093
       574        61.2457        61.7459
       575        61.2457        62.0136
       576        61.2457        62.0286
       577        61.2457         61.679
       578        61.2457        61.7302
       579        61.2457        61.6021
       580        61.2457        61.7163
       581        61.2457        61.5903
       582        61.2457        61.3662
       583        61.2457        61.3468
       584        61.2457        61.3102
       585        61.2457         61.364
       586        61.2457         61.334
       587        61.2457        61.4305
       588        61.2457        62.0045
       589        61.2457        61.6566
       590        61.2457         61.815
       591        61.2457        61.6351
       592        61.2457         61.606
       593        61.2457        61.7192
       594        61.2457        61.8458
       595        61.2457        61.8794
       596        61.2457        62.0685
       597        61.2457        61.6768
       598        61.2457           61.6
       599        61.2457         61.335
       600        61.2457        61.4985
       601        61.2457        61.3878
       602        61.2457        61.3675
       603        61.2457        61.6467
       604        61.2457        61.7206
       605        61.2457        62.1433
       606        61.2457        61.9596
       607        61.2457        61.8402
       608        61.2457        61.7575
       609        61.2457        61.5746
       610        61.2457        61.7906
       611        61.2457        61.7052
       612        61.2457         61.516
       613        61.2457        61.7136
       614        61.2457        61.9073
       615        61.2457        61.9392
       616        61.2457        61.7191
       617        61.2457        61.5149
       618        61.2457        61.5928
       619        61.2457         61.588
       620        61.2457        61.6985
       621        61.2457         61.629
       622        61.2457        61.6234
       623        61.2457        62.0189
       624        61.2457         61.604
       625        61.2457        61.7171
       626        61.2457        61.6423
       627        61.2457        61.5755
       628        61.2457        61.4557
       629        61.2457        61.7123
       630        61.2457        61.5621
       631        61.2457        61.6726
       632        61.2457        61.4568
       633        61.2457        61.3948
       634        61.2457        61.6039
       635        61.2457         61.726
       636        61.2457        61.9668
       637        61.2457        61.7379
       638        61.2457        61.7874
       639        61.2457        61.4855
       640        61.2457        61.5808
       641        61.2457        61.4617
       642        61.2457        61.6949
       643        61.2457         61.412
       644        61.2457        61.5508
       645        61.2457        61.4704
       646        61.2457        61.3873
       647        61.2457        61.4308
       648        61.2457        61.6049
       649        61.2457        61.5091
       650        61.2457        61.5247
       651        61.2457        61.7676
       652        61.2457        61.7134
       653        61.2457        61.3829
       654        61.2457        61.3324
       655        61.2457        61.4366
       656        61.2457        61.4333
       657        61.2457        61.6028
       658        61.2457          61.42
       659        61.2457        61.6394
       660        61.2457        61.9013
       661        61.2457        61.8453
       662        61.2457        61.8275
       663        61.2457        61.6471
       664        61.2457        61.4388
       665        61.2457        61.5034
       666        61.2457        61.5303
       667        61.2457        61.7171
       668        61.2457        61.5213
       669        61.2457        61.5743
       670        61.2457        61.3914
       671        61.2457        61.5933
       672        61.2457        61.6694
       673        61.2457        61.6546
       674        61.2457        62.0946
       675        61.2457        61.8616
       676        61.2457        62.3861
       677        61.2457        62.0577
       678        61.2457        61.7256
       679        61.2457        62.0458
       680        61.2457        61.5656
       681        61.2457        61.8494
       682        61.2457        61.6223
       683        61.2457        61.5415
       684        61.2457        61.4647
       685        61.2457        61.5947
       686        61.2457        61.8025
       687        61.2457        61.7459
       688        61.2457        61.4973
       689        61.2457        61.9152
       690        61.2457        61.4973
       691        61.2457        61.6649
       692        61.2457        61.7439
       693        61.2457        61.6121
       694        61.2457        61.7412
       695        61.2457        61.9131
       696        61.2457        61.8366
       697        61.2457        61.7293
       698        61.2457        61.5152
       699        61.2457        61.6494
       700        61.2457        61.4711
       701        61.2457        61.5349
       702        61.2457        61.8911
       703        61.2457         61.717
       704        61.2457        61.8514
       705        61.2457        61.5671
       706        61.2457        61.5019
       707        61.2457        61.9251
       708        61.2457        61.7415
       709        61.2457        61.7471
       710        61.2457        61.6007
       711        61.2457        61.3896
       712        61.2457        61.7261
       713        61.2457        61.5828
       714        61.2457        61.7284
       715        61.2457        61.6346
       716        61.2457        61.8488
       717        61.2457         61.834
       718        61.2457        61.9342
       719        61.2457        61.7806
       720        61.2457         61.917
       721        61.2457         61.557
       722        61.2457        61.9593
       723        61.2457        62.0914
       724        61.2457        61.9172
       725        61.2457        61.7619
       726        61.2457        61.7312
       727        61.2457        61.8165
       728        61.2457        61.6424
       729        61.2457        61.6582
       730        61.2457        61.9965
       731        61.2457        62.1596
       732        61.2457        61.6177
       733        61.2457        61.7593
       734        61.2457        61.7793
       735        61.2457        61.3702
       736        61.2457        61.4088
       737        61.2457        61.5091
       738        61.2457        61.5045
       739        61.2457        61.3838
       740        61.2457        61.4756
       741        61.2457        61.8644
       742        61.2457        61.8401
       743        61.2457        61.6041
       744        61.2457        61.4945
       745        61.2457          61.51
       746        61.2457        61.3787
       747        61.2457        61.4218
       748        61.2457        61.4295
       749        61.2457        61.3049
       750        61.2457        61.5785
       751        61.2457        61.6858
       752        61.2457        61.7973
       753        61.2457        62.0781
       754        61.2457        61.7378
       755        61.2457        61.5763
       756        61.2457        61.4979
       757        61.2457        61.5386
       758        61.2457        61.6813
       759        61.2457        61.5673
       760        61.2457        61.5873
       761        61.2457        61.6388
       762        61.2457        61.5868
       763        61.2457        61.5645
       764        61.2457        61.5089
       765        61.2457        61.6035
       766        61.2457        61.4616
       767        61.2457        61.6395
       768        61.2457        61.4492
       769        61.2457        61.4689
       770        61.2457         61.469
       771        61.2457        61.5733
       772        61.2457        61.6202
       773        61.2457        61.7331
       774        61.2457        61.9218
       775        61.2457        62.1598
       776        61.2457        61.6365
       777        61.2457        61.7591
       778        61.2457        62.4032
       779        61.2457        61.7319
       780        61.2457        61.7173
       781        61.2457        61.6387
       782        61.2457        61.9119
       783        61.2457        61.6425
       784        61.2457        61.5649
       785        61.2457        61.5027
       786        61.2457        61.4932
       787        61.2457        61.5624
       788        61.2457        61.8427
       789        61.2457        61.9738
       790        61.2457          61.88
       791        61.2457        61.9426
       792        61.2457        61.5711
       793        61.2457        61.6817
       794        61.2457        61.6659
       795        61.2457        61.5841
       796        61.2457        61.5244
       797        61.2457        61.8894
       798        61.2457        61.4928
       799        61.2457        61.9377
       800        61.2457         62.047
       801        61.2457        61.8166
       802        61.2457        61.5653
       803        61.2457        61.5513
       804        61.2457        61.6425
       805        61.2457        61.5868
       806        61.2457        61.3132
       807        61.2457        61.4019
       808        61.2457        61.3711
       809        61.2457        61.4821
       810        61.2457        61.5357
       811        61.2457        61.7599
       812        61.2457        61.7382
       813        61.2457        61.9732
       814        61.2457        61.8771
       815        61.2457        61.7443
       816        61.2457        61.5493
       817        61.2457        61.4825
       818        61.2457        61.2946
       819        61.2457        61.4405
       820        61.2457        61.8958
       821        61.2457        61.6431
       822        61.2457        61.6002
       823        61.2457        61.7367
       824        61.2457        62.1699
       825        61.2457        61.5752
       826        61.2457        61.3673
       827        61.2457        61.6232
       828        61.2457        61.8215
       829        61.2457        61.9457
       830        61.2457        62.0607
       831        61.2457        61.7041
       832        61.2457        61.3853
       833        61.2457        61.3567
       834        61.2457        61.4073
       835        61.2457        61.4102
       836        61.2457        61.4444
       837        61.2457        61.5143
       838        61.2457        61.3707
       839        61.2457        61.3526
       840        61.2457        61.5836
       841        61.2457        62.2261
       842        61.2457        61.8976
       843        61.2457        61.6351
       844        61.2457        61.6202
       845        61.2457        61.8414
       846        61.2457        61.8074
       847        61.2457        61.5963
       848        61.2457        61.6195
       849        61.2457        61.6737
       850        61.2457        61.5616
       851        61.2457        61.4268
       852        61.2457        61.5087
       853        61.2457        61.6099
       854        61.2457        61.7284
       855        61.2457         62.091
       856        61.2457        61.9422
       857        61.2457        62.0399
       858        61.2457        61.9864
       859        61.2457        61.5859
       860        61.2457         61.579
       861        61.2457        61.4186
       862        61.2457         61.372
       863        61.2457        61.3609
       864        61.2457        61.5048
       865        61.2457        61.5672
       866        61.2457        61.9108
       867        61.2457        61.9882
       868        61.2457        62.0891
       869        61.2457        61.5534
       870        61.2457        61.8675
       871        61.2457        61.5983
       872        61.2457        61.6237
       873        61.2457         61.492
       874        61.2457        61.5785
       875        61.2457        61.8454
       876        61.2457        61.8102
       877        61.2457        61.5825
       878        61.2457        61.4269
       879        61.2457        61.3636
       880        61.2457        61.4961
       881        61.2457        61.4293
       882        61.2457         61.508
       883        61.2457        61.4199
       884        61.2457        61.3355
       885        61.2457        61.3319
       886        61.2457        61.3774
       887        61.2457        61.4179
       888        61.2457        61.5278
       889        61.2457        61.5354
       890        61.2457        61.7959
       891        61.2457        61.5125
       892        61.2457        61.5275
       893        61.2457        61.4864
       894        61.2457        61.4457
       895        61.2457        61.6091
       896        61.2457        61.6118
       897        61.2457        61.8175
       898        61.2457        61.7376
       899        61.2457        62.0551
       900        61.2457        61.5381
       901        61.2457        61.7602
       902        61.2457        61.9296
       903        61.2457        61.3733
       904        61.2457        61.6307
       905        61.2457        61.7743
       906        61.2457        61.9942
       907        61.2457        61.7572
       908        61.2457        61.7052
       909        61.2457        61.5153
       910        61.2457        61.4899
       911        61.2457        61.3754
       912        61.2457        61.2706
       913        61.2457         61.492
       914        61.2457        61.3509
       915        61.2457        61.5825
       916        61.2457        61.4274
       917        61.2457         61.763
       918        61.2457        61.5756
       919        61.2457         61.562
       920        61.2457        61.6597
       921        61.2457        61.6803
       922        61.2457        62.1758
       923        61.2457        62.3784
       924        61.2457        62.2104
       925        61.2457        61.7051
       926        61.2457        61.7835
       927        61.2457        61.7259
       928        61.2457        61.6634
       929        61.2457        61.7788
       930        61.2457        61.7695
       931        61.2457        61.5427
       932        61.2457        61.5546
       933        61.2457        61.4218
       934        61.2457        61.7041
       935        61.2457        61.4763
       936        61.2457        61.5962
       937        61.2457        61.9969
       938        61.2457        61.7927
       939        61.2457        61.7127
       940        61.2457        61.5817
       941        61.2457        61.9265
       942        61.2457        61.7977
       943        61.2457        61.9975
       944        61.2457        61.6293
       945        61.2457         61.608
       946        61.2457        61.8163
       947        61.2457        61.6046
       948        61.2457        61.5919
       949        61.2457        61.6428
       950        61.2457        61.5045
       951        61.2457        61.5608
       952        61.2457        61.5535
       953        61.2457        61.4245
       954        61.2457        61.5784
       955        61.2457        61.4716
       956        61.2457        61.7025
       957        61.2457        61.7543
       958        61.2457        61.7603
       959        61.2457        61.5822
       960        61.2457        61.6687
       961        61.2457        62.0201
       962        61.2457        61.6576
       963        61.2457        62.1674
       964        61.2457        62.1251
       965        61.2457        61.9824
       966        61.2457        62.2473
       967        61.2457        62.0687
       968        61.2457        62.1938
       969        61.2457        61.8518
       970        61.2457        61.7068
       971        61.2457        61.4687
       972        61.2457        61.4193
       973        61.2457        61.2893
       974        61.2457        61.3522
       975        61.2457        61.4598
       976        61.2457        61.4267
       977        61.2457        61.5255
       978        61.2457        61.8288
       979        61.2457        61.8045
       980        61.2457        61.7184
       981        61.2457        61.5975
       982        61.2457        61.7429
       983        61.2457        62.0442
       984        61.2457        61.6547
       985        61.2457        61.8846
       986        61.2457        62.2305
       987        61.2457        61.9644
       988        61.2457        61.8962
       989        61.2457        62.6995
       990        61.2457        62.0066
       991        61.2457         61.858
       992        61.2457        61.9914
       993        61.2457        61.8314
       994        61.2457        62.4843
       995        61.2457        61.7989
       996        61.2457        61.5097
       997        61.2457        61.5599
       998        61.2457        61.5967
       999        61.2457        61.6234
      1000        61.2457        61.7683
