#     GEN:            L2:          <L2>:
         1        2218.75        2734.72
         2        2056.98        2533.51
         3        1989.95        2357.87
         4        1821.23        2228.76
         5        1766.89        2114.38
         6        1545.49        1977.99
         7        1545.49         1873.1
         8         1527.9        1776.91
         9        1514.03        1655.65
        10        1447.82        1586.33
        11        1436.67        1546.37
        12        1392.24        1509.18
        13        1319.69        1476.37
        14        1240.37        1439.08
        15        1210.61        1392.87
        16        1206.65        1321.41
        17        1176.89         1271.7
        18        1111.31         1242.1
        19        1075.77        1205.81
        20        1053.45        1162.87
        21        1041.15        1119.68
        22        1001.04        1093.27
        23        998.124        1075.21
        24        992.226        1068.02
        25        957.181        1054.24
        26        784.166        1037.16
        27        784.166        1019.28
        28        768.913        994.929
        29        759.782        955.594
        30        755.182        894.983
        31        721.305        812.102
        32        721.305        781.298
        33        712.637        762.858
        34        697.217        745.744
        35        670.257        733.341
        36        661.778         717.96
        37        642.386        702.092
        38         637.12        684.564
        39        628.351        667.898
        40        623.751         652.06
        41        545.424        641.837
        42         507.14        635.554
        43         507.14        631.928
        44        501.727         610.11
        45        494.742        577.143
        46        488.867        551.147
        47         485.22        531.852
        48         476.51        512.472
        49        471.482        501.247
        50        453.844         491.06
        51        444.817        483.998
        52        439.753         473.25
        53        437.899        471.607
        54        432.554        464.679
        55        406.474         464.98
        56        347.841        456.471
        57        339.587        440.804
        58        337.109        430.335
        59        335.966        409.158
        60         317.34        383.326
        61        302.875         359.88
        62        301.639        345.551
        63        298.127        332.051
        64        282.354        328.106
        65        281.212        320.363
        66        277.672        312.319
        67        263.683        301.844
        68        263.683        295.019
        69        261.485        295.197
        70        257.246        292.857
        71        257.246        291.066
        72        254.712        278.006
        73        251.677        275.733
        74        249.273        267.504
        75        246.596        261.612
        76        231.583        256.771
        77        228.436        254.099
        78        227.294        253.224
        79        222.183        249.642
        80        219.037        242.175
        81        216.303        236.164
        82        214.446        232.505
        83        214.239        233.578
        84        212.667        231.689
        85        210.658         231.15
        86         206.14        225.845
        87        204.997        222.186
        88         203.09        215.625
        89         198.36        211.069
        90        196.453         209.02
        91        190.753        204.303
        92        182.973        200.973
        93        175.707        195.959
        94        175.707        193.797
        95        175.025        194.317
        96        173.364        197.494
        97        168.494        200.937
        98        166.833        196.679
        99        166.833        188.019
       100        161.719        177.902
       101        161.719        171.377
       102        158.271        167.932
       103        158.271        164.744
       104        158.188        163.562
       105        157.527        161.385
       106        156.612        159.716
       107        156.167        158.517
       108        155.505        157.794
       109        154.215        157.707
       110        153.149        158.169
       111         151.67        157.936
       112        149.404        157.489
       113        148.338        156.485
       114         146.77        156.142
       115        145.417        155.021
       116         142.07        154.905
       117        140.976        151.489
       118        140.976        149.479
       119        137.204        145.086
       120        137.204        142.787
       121        137.204        142.226
       122        133.713        139.764
       123        133.713        138.808
       124        133.635        138.377
       125        129.694        140.304
       126        129.516        139.728
       127        125.947        137.932
       128        125.947         134.59
       129        125.414        132.876
       130        125.414        129.221
       131        119.726        129.287
       132        119.726         130.16
       133        119.726        133.574
       134        119.726        139.879
       135        119.726         145.75
       136        119.523         145.87
       137        119.523        143.426
       138        119.141        134.697
       139        116.906        125.843
       140        114.226        125.677
       141        106.861        123.296
       142        106.861        121.411
       143        106.861        123.995
       144        106.861        131.883
       145        106.861         136.91
       146        105.331        133.047
       147        105.331        128.918
       148        105.331        124.947
       149        104.558         125.31
       150        103.684        123.719
       151        103.427         114.61
       152        102.883        109.718
       153        102.118        108.999
       154        101.317        107.323
       155        101.266        103.839
       156        100.054        103.184
       157        100.054        102.344
       158        100.054        101.984
       159        99.4175        101.837
       160        99.3659        100.514
       161        95.9199        100.525
       162        93.2163         99.877
       163        93.0598        98.5358
       164        89.8865        97.3542
       165          89.73         96.397
       166        89.3144        93.7525
       167        89.1579        92.0076
       168        89.0194        90.7062
       169        88.4472        90.1355
       170        87.7981        90.0599
       171        87.7981        90.5289
       172        86.8083        90.6211
       173        86.4367        91.9275
       174        85.4485        90.7633
       175        85.2877        89.9761
       176        85.2051        88.4774
       177        84.1529        86.9314
       178        84.1529        85.4651
       179        83.7493        85.5336
       180        83.2705        85.7872
       181        82.8422        85.5598
       182        82.7721        85.3875
       183        82.2086        84.5427
       184        80.7778        84.0811
       185        80.2143        83.6461
       186         79.786        82.2385
       187        78.1626        81.3469
       188        77.7342        81.0462
       189        77.7342         79.963
       190        77.7342        79.1202
       191        75.6181        78.3182
       192        75.6181        77.9264
       193        75.6181        77.6398
       194        75.6181        76.5693
       195        74.8988        75.9954
       196        74.8988        75.7335
       197         74.825        75.6878
       198         74.825        75.5798
       199        73.1629        75.9774
       200        73.1629        75.6521
       201        73.1629        75.4053
       202        72.2615        74.3278
       203        72.2615        73.8197
       204        72.1636        73.8958
       205        71.8108        73.2025
       206        71.7128        73.0169
       207        70.6774        73.6276
       208        70.5795        72.6673
       209        70.5795        71.4782
       210        70.5795        71.5569
       211        70.5795        71.0721
       212        70.5795        71.2242
       213         70.356        70.8949
       214         70.356        70.9023
       215         70.356        70.9466
       216         70.356        70.6821
       217        70.2141        70.6792
       218        69.6586        71.5786
       219        69.6586        71.3296
       220        69.6586        70.5783
       221        64.9235         70.862
       222        64.9235        69.6694
       223        64.9235        68.4886
       224        64.9235         67.297
       225        64.4414        67.6666
       226        64.2042        66.0074
       227        64.1706        65.1466
       228        63.9637        65.0489
       229        63.2444        65.9666
       230        63.2444        66.8458
       231        63.2444        66.1069
       232        63.2444        65.9206
       233        63.2444         63.729
       234        63.2444        63.5515
       235        63.2444         63.311
       236        63.2444        63.3968
       237        63.2444        63.5733
       238        63.2444        63.3496
       239        63.2444        63.6826
       240        63.2444        63.3389
       241        63.2444        63.4135
       242        63.2444        63.2662
       243        63.2444        63.6118
       244        63.2444        63.9456
       245        63.2444        63.7521
       246        63.0517        64.1124
       247        63.0517        63.6562
       248        63.0517        63.6794
       249        63.0517        64.4863
       250        62.5784        63.6955
       251        62.5784        64.1127
       252        62.5784        64.1582
       253        62.5784        64.3014
       254        62.5784        63.2577
       255        62.5784        63.0266
       256        62.5784        63.0414
       257        62.5784        62.8895
       258        62.5784         62.836
       259        61.5491        62.7108
       260        61.5491        63.0061
       261        61.5491        62.3469
       262        61.5491        62.4332
       263        61.5491           61.9
       264        61.5491        61.9255
       265        61.5491         61.875
       266        61.5491        62.3022
       267        61.5491        61.6967
       268        61.5491        62.0131
       269        61.5491         61.909
       270        61.5491        62.0792
       271        61.2564        62.2393
       272        61.2564        62.2535
       273        61.2564        62.5755
       274        61.2564         61.686
       275        61.2564        61.7588
       276        60.9308        62.2338
       277        60.9308        62.9708
       278        60.9308        61.8619
       279        60.9308        61.5882
       280        60.9308        61.6358
       281        59.8332        61.4813
       282        59.8332        61.8167
       283        59.8332        62.1674
       284        59.8332        63.4102
       285        59.8332        64.4165
       286        59.8332        61.5699
       287        59.8332        60.8979
       288        59.8332        61.0048
       289        59.8332        61.0061
       290        59.8332         62.116
       291        59.8332        61.8565
       292        59.8332        61.4917
       293        59.8332         60.447
       294        59.8332        60.6232
       295        59.8332        60.3537
       296        59.8332        61.8211
       297        59.8332        60.5547
       298        59.8332        59.9657
       299        59.4022        59.8984
       300        59.4022        60.0773
       301        59.4022        60.2987
       302        59.4022        61.4079
       303        59.4022        62.8835
       304        59.4022        61.0965
       305        59.4022        60.6839
       306        59.4022        59.9968
       307        59.4022        59.7636
       308        59.4022        59.9049
       309        59.4022        59.8337
       310        59.4022        59.5706
       311        59.4022        59.5335
       312        59.4022        59.4115
       313        59.4022        59.4022
       314        59.4022        59.4253
       315        59.4022        59.8163
       316        59.4022        59.5242
       317        59.4022        59.7144
       318        59.4022        59.9195
       319        59.4022        59.4022
       320        59.4022        59.4022
       321        59.4022        59.4264
       322        59.4022        59.8542
       323        59.4022        59.7127
       324        59.4022        60.5084
       325        59.4022        60.1324
       326        59.4022        59.5074
       327        59.4022         59.939
       328        59.4022        60.1755
       329        59.4022        59.6926
       330        59.4022        61.0359
       331        59.1134        60.0591
       332        59.1134        59.7586
       333        59.1134        59.7104
       334        59.1134        59.5411
       335        59.1134        59.4213
       336        59.1134         59.998
       337        59.1134        60.2386
       338        59.1134        59.5103
       339        59.1134        59.4969
       340        59.1134        60.0547
       341        59.0681        59.8248
       342        59.0681        59.5379
       343        59.0681        59.1122
       344        59.0681        59.3942
       345        59.0681        59.4055
       346        59.0681        59.8706
       347        59.0681        59.4122
       348        59.0681        59.5139
       349        59.0681         59.228
       350        59.0681        59.5079
       351        59.0681        59.3599
       352        59.0681        59.5385
       353        59.0681         59.964
       354        59.0681        59.5958
       355        59.0681        60.4361
       356        58.1841        61.0878
       357        58.1841        60.9489
       358        58.1841        60.5427
       359        58.1841        61.4152
       360        58.1841        59.7787
       361        58.1841        60.2189
       362        58.1841        58.9846
       363        58.1558        58.8364
       364        58.0339        58.8481
       365        58.0339         58.735
       366        58.0056        58.6135
       367        58.0056        59.1205
       368        58.0056        58.3809
       369        57.8748        58.1273
       370        57.8748        58.2957
       371        57.8748        58.0551
       372        57.8748        58.1269
       373        57.8748        58.0509
       374        57.8748        57.8891
       375        57.8748        58.2133
       376        57.8403        58.3927
       377        57.6861        59.7541
       378        57.5553        63.9269
       379        57.5553        64.6168
       380        57.5553        61.4541
       381        57.5553        60.3899
       382        57.5553        59.8339
       383        57.5553        59.2296
       384        57.5553        58.9994
       385        57.5553        59.1495
       386        57.5553        58.1955
       387        57.4652        57.6206
       388        57.4652        57.6417
       389         57.444        57.6393
       390        57.3538         57.624
       391        57.3538        58.9462
       392        56.4627        58.5796
       393        56.4627        57.7808
       394        56.4627        57.5036
       395        56.4627        57.3135
       396        56.4627        57.1961
       397        56.4627         58.134
       398        56.4627        59.1148
       399        56.4627        58.3521
       400        56.4627        57.6266
       401        56.4627        57.7667
       402        56.4627        57.3944
       403        56.4627        56.8739
       404        56.4627        56.5367
       405        56.4627         56.631
       406        56.4627         56.633
       407        56.4627        57.2013
       408        56.4627        56.9026
       409        56.4627        57.0572
       410        56.4627        56.7348
       411        56.4627        56.7358
       412        56.4627        57.1009
       413        56.4627        56.7694
       414        56.4627        57.0632
       415        56.4627        57.3385
       416        56.4627         56.643
       417        56.4627        56.6273
       418        56.4627        56.7509
       419        56.4627        56.5373
       420        56.4627        56.4642
       421        56.4627        56.8455
       422        56.4627        56.6534
       423        56.4627        56.7763
       424        56.4627        56.5367
       425        56.4627        56.5899
       426        56.4627        56.5503
       427        56.4627        56.5406
       428        56.4627        56.5193
       429        56.4627        56.8515
       430        56.4627        57.4723
       431        56.4627        57.1212
       432        56.4627        57.0903
       433        56.4627        56.6203
       434        56.4627        56.5252
       435        56.4627        56.7982
       436        56.4627         56.664
       437        56.4627         57.483
       438        56.4627        57.3526
       439        56.4627        56.8728
       440        56.4627        56.4777
       441        56.2795        56.8231
       442        56.2795        57.0885
       443        56.2795         56.865
       444        56.2795        56.5799
       445        56.2795        56.6246
       446        56.2795        56.6667
       447        56.2795         56.539
       448        56.2795        56.3039
       449        56.2795        56.3015
       450        56.2795         56.307
       451        56.2795        56.2964
       452        56.2795        56.3569
       453        56.2795        56.2795
       454        56.2795        56.6033
       455        56.2795        56.5111
       456        56.2795        56.5069
       457        56.2795        56.5049
       458        56.2795         57.551
       459        56.2795         56.517
       460        56.2795        56.6717
       461        56.2795          56.57
       462        56.2795        56.4185
       463        56.2795        56.3369
       464        56.2795        56.3533
       465        56.2795        56.8141
       466        56.2795         57.552
       467        56.2795        56.8464
       468        56.2795         58.453
       469        56.2795        57.0495
       470        56.2795         56.507
       471        56.2795        56.7414
       472        56.2795        57.9154
       473        56.2795        57.0188
       474        56.2795        56.7434
       475        56.2795        56.5925
       476        56.2795        56.9605
       477        56.2795        56.4569
       478        56.2795        56.4346
       479        56.2795        56.7932
       480        56.2795        56.8771
       481        56.2795        57.1061
       482        56.2795        56.9352
       483        56.2795        57.0876
       484        56.2795        57.8077
       485        56.2795        57.5667
       486        56.2795        57.1586
       487        56.2795        57.9972
       488        56.2795          56.93
       489        56.2795        57.4603
       490        56.2795        56.8678
       491        56.2795         56.396
       492        56.2795        56.6358
       493        56.2795        56.7072
       494        56.2795        56.9826
       495        56.2795        56.3707
       496        56.2795        56.2795
       497        56.2795        56.3747
       498        56.2795        56.6918
       499        56.2795        56.9714
       500        56.2795        56.3242
       501        56.2795        56.6772
       502        56.2795        57.0008
       503        56.2795        57.7138
       504        56.2795        58.0904
       505        56.2795        56.6927
       506        56.2795        56.6909
       507        56.2795        56.7041
       508        56.2795        56.3727
       509        56.2795        56.3708
       510        56.2795        56.4067
       511        56.2795        57.3989
       512        56.2795        56.7925
       513        56.2795        56.3378
       514        56.2795        56.2974
       515        56.2795        56.3046
       516        56.2795        56.2795
       517        56.2795        56.2965
       518        56.2795        56.5649
       519        56.2795        56.3081
       520        56.2795        56.3342
       521        56.2795        56.4575
       522        56.2795        56.7366
       523        56.2795        56.9735
       524        56.2795        56.8634
       525        56.2795        58.0143
       526        56.2795        57.2105
       527        56.2795        56.8744
       528        56.2795        56.9455
       529        56.2795        56.5433
       530        56.2795        56.8497
       531        56.2795        56.7227
       532        56.2795        56.4978
       533        56.2795         56.428
       534        56.2795        56.6609
       535        56.2795        56.7929
       536        56.2795        57.5619
       537        56.2795        56.9079
       538        56.2795        56.4261
       539        56.2795        56.4856
       540        56.2795        56.6268
       541        56.2795        56.3029
       542        56.2795        57.2667
       543        56.2795        56.8492
       544        56.2795        56.5374
       545        56.2795        56.3102
       546        56.2795         56.471
       547        56.2795        56.5286
       548        56.2795         56.346
       549        56.2795        56.3216
       550        56.2795        56.2855
       551        56.2795        56.4632
       552        56.2795         56.362
       553        56.2795         56.282
       554        56.2795        56.2795
       555        56.2795        56.3117
       556        56.2795        56.7211
       557        56.2795         56.719
       558        56.2795        57.0096
       559        56.2795        56.3912
       560        56.2795        56.6938
       561        56.2795        56.3854
       562        56.2795        56.3698
       563        56.2795        56.3304
       564        56.2795        57.1758
       565        56.2795        57.7251
       566        56.2795        56.9709
       567        56.2795        58.3612
       568        56.2795        59.6549
       569        56.2795        57.0681
       570        56.2795        56.7945
       571        56.2795        56.6474
       572        56.2795        56.9417
       573        56.2795         56.608
       574        56.2795        56.8833
       575        56.2795         56.672
       576        56.2795        57.0111
       577        56.2795        56.2795
       578        56.2795        56.4917
       579        56.2795        56.5337
       580        56.2795        56.4637
       581        56.2795        57.2855
       582        56.2795        57.1501
       583        56.2795        57.3132
       584        56.2795          56.83
       585        56.2795        56.5863
       586        56.2795         57.376
       587        56.2795        57.7112
       588        56.2795        56.7276
       589        56.2795        58.1299
       590        56.2795        57.1091
       591        56.2795        56.9581
       592        56.2795        58.6852
       593        56.2795        59.2891
       594        56.2795        58.9101
       595        56.2795        58.0423
       596        56.2795        57.9268
       597        56.2795        56.6291
       598        56.2795        56.8228
       599        56.2795        56.6019
       600        56.2795        56.8515
       601        56.2795        56.4566
       602        56.2795        56.3002
       603        56.2795        56.4022
       604        56.2795        56.3885
       605        56.2795        56.5416
       606        56.2795        56.3907
       607        56.2795         56.312
       608        56.2795        57.6865
       609        56.2795        58.0838
       610        56.2795        57.4706
       611        56.2795        56.7157
       612        56.2795        56.8737
       613        56.2795        57.0158
       614        56.2795        56.8512
       615        56.2795        56.8705
       616        56.2795        56.6239
       617        56.2795        56.7277
       618        56.2795          57.58
       619        56.2795        56.5883
       620        56.2795        57.5419
       621        56.2795        56.9413
       622        56.2795        57.4734
       623        56.2795        56.8062
       624        56.2795        57.2927
       625        56.2795        56.5786
       626        56.2795        57.0393
       627        56.2795        56.4368
       628        56.2795        56.4009
       629        56.2795        56.8113
       630        56.2795        57.5098
       631        56.2795         57.601
       632        56.2795        57.5817
       633        56.2795        57.6741
       634        56.2795        56.5424
       635        56.2795        56.3795
       636        56.1233        56.5577
       637        56.1233        56.5454
       638        56.1233        57.0192
       639        56.1233        56.2276
       640        56.1233        56.1789
       641        56.1233        56.1918
       642        56.1233        56.5479
       643        56.1233        57.4142
       644        56.1233        57.0456
       645        56.1233        57.0458
       646        55.6626        56.5133
       647        55.6626        56.0957
       648        55.6626        56.0652
       649        55.6626        56.9426
       650        55.6626        55.8813
       651        55.6626        56.6647
       652        55.6626         56.002
       653        55.6626         56.117
       654        55.6626        56.7973
       655        55.6626        57.0741
       656        55.6626        56.4015
       657        55.6626        56.8101
       658        55.6626        56.5968
       659        55.6626        56.1871
       660        55.6626        56.0853
       661        55.6626        56.3407
       662        55.6626        55.7203
       663        55.6626        56.3754
       664        55.6626        56.4563
       665        55.6626        56.0826
       666        55.6626        55.7435
       667        55.6626         55.748
       668        55.6626        55.6966
       669        55.6626        55.8341
       670        55.6626        55.7245
       671        55.6626        55.8221
       672        55.6626        55.7796
       673        55.6626        56.1204
       674        55.6626        55.9033
       675        55.6626        55.7714
       676        55.6626        55.6626
       677        55.6626        55.8148
       678        55.6626        55.9286
       679        55.6626        56.4511
       680        55.6626        56.6059
       681        55.5601        56.4916
       682        55.5601        55.6709
       683        55.5601        55.6432
       684        55.5601        55.5976
       685        55.5601        55.6257
       686        55.5601        55.7861
       687        55.5601         55.738
       688        55.5601        56.1951
       689        55.5601        55.8822
       690        55.5601        56.1529
       691        55.5601        55.8626
       692        55.5601        56.2222
       693        55.5601         56.036
       694        55.5601        55.8708
       695        55.5601        56.0462
       696        55.4244        56.0337
       697        55.4244        55.7987
       698        55.4244        55.7849
       699        55.4244        55.9984
       700        55.4244        56.8014
       701        55.4244        55.9892
       702        55.4244        56.5443
       703        55.4244        56.4828
       704        55.4244        56.7348
       705        55.4244         56.258
       706        55.4244        55.7512
       707        55.4244        56.8484
       708        55.4244        55.8539
       709        55.3739        55.6067
       710        55.3739         55.649
       711        55.2377        55.9033
       712        55.2377        56.0121
       713        55.2377        55.9126
       714        55.2377        56.5993
       715        55.2377        56.3974
       716        55.2377        56.4588
       717        55.2377        55.8318
       718        55.2377        55.7867
       719        55.2377        56.1314
       720        55.2377        56.4476
       721        55.2377        57.1565
       722        55.2377        56.5394
       723        55.2377        55.7825
       724        55.2377        55.9924
       725        55.2377        57.0633
       726        55.2377        55.8011
       727        55.2377        55.5927
       728        55.2377        55.3848
       729        55.2377        55.4113
       730        55.2377        55.3725
       731        55.2377        55.4329
       732        55.2377        55.4659
       733        55.2377        55.3246
       734        55.2377        55.3248
       735        55.2377        55.9387
       736        55.2377        55.5336
       737        55.2377        55.9627
       738        55.2377        56.1476
       739        55.2377        55.7599
       740        55.2377        55.5626
       741        55.2377        55.7224
       742        55.2377        56.6369
       743        55.2377        56.1765
       744        55.2377        55.7732
       745        55.2377         55.861
       746        55.2377        55.6775
       747        55.2377        55.9473
       748        55.2377        56.0092
       749        55.2377        56.4232
       750        55.2377          56.14
       751        55.2377          55.64
       752        55.2377        56.4966
       753        55.2377        55.4242
       754        55.2377        55.4367
       755        55.2377        55.7401
       756        55.2377         55.935
       757        55.2377        55.5456
       758        55.2377        55.3399
       759        55.2377        55.2975
       760        55.1929        55.2412
       761        55.1929         55.767
       762        55.1929        55.3572
       763        55.1929        55.4651
       764        55.1929        55.5427
       765        55.1929        55.5834
       766        55.1929        56.4726
       767        55.1929        56.4651
       768        55.1929        55.3613
       769        55.1929        55.2397
       770        55.1929        55.5986
       771        55.1929        55.4864
       772        55.1929        55.3017
       773        55.1929        55.3937
       774        55.1929        55.2088
       775        55.1929        55.1929
       776        55.1929        55.1929
       777        55.1929        55.1929
       778        55.1929        55.2717
       779        55.1929        55.5646
       780        55.1929         58.179
       781        55.1929        56.5648
       782        55.1929        56.1272
       783        55.1929        56.2786
       784        55.1929        55.7031
       785        55.1929        56.9859
       786        55.1929        55.3767
       787        55.1929        55.3087
       788        55.1929        55.2735
       789        55.1929         55.371
       790        55.1929        55.3688
       791        55.1929        55.3865
       792        55.1929        55.7144
       793        55.1929        56.1456
       794        55.1929        57.0576
       795        55.1929        55.5446
       796        55.1929        55.9821
       797        55.1929        55.7909
       798        55.1929        55.2871
       799        55.1929        56.1459
       800        55.1929        55.3532
       801        55.1929        55.2629
       802        55.1929        56.0425
       803        55.1929        56.3711
       804        55.1929        56.5572
       805        55.1929        56.4534
       806        55.1929        55.9239
       807        55.1929        55.4549
       808        55.1929        55.3543
       809        55.1929        55.3502
       810        55.1929        55.2422
       811        55.1929        55.4453
       812        55.1929        55.8009
       813        55.1929        55.8368
       814        55.1929        56.9766
       815        55.1929        56.2322
       816        55.1929         56.635
       817        55.1929        56.3441
       818        55.1929        56.3502
       819        55.1929        56.6771
       820        55.1929         55.738
       821        55.1929        55.7377
       822        55.1929        55.6552
       823        55.1929        55.8157
       824        55.1929        56.6385
       825        55.1929        57.6241
       826        55.1929        55.5715
       827        55.1929        55.3614
       828        55.1929        55.3567
       829        55.1929        55.8549
       830        55.1929        56.0283
       831        55.1929        55.6298
       832        55.1929        56.1003
       833        55.1929        55.6923
       834        55.1929        55.7178
       835        55.1929        55.7128
       836        55.1929        55.5488
       837        55.1929          55.49
       838        55.1929        55.3862
       839        55.1929        55.2095
       840        55.1929        55.6022
       841        55.1929        55.6826
       842        55.1929        55.4432
       843        55.1929        55.2133
       844        55.1929        55.1929
       845        55.1929        55.2376
       846        55.1929        55.6065
       847        55.1929        56.3744
       848        55.1929        56.3237
       849        55.1929        55.8984
       850        55.1929        55.3709
       851        55.1929        56.3672
       852        55.1929        55.6555
       853        55.1929        55.2729
       854        55.1929        55.5656
       855        55.1929        55.4442
       856        55.1929        55.6576
       857        55.1929        55.7958
       858        55.1929        56.9407
       859        55.1929        55.6761
       860        55.1929         55.342
       861        55.1929        55.3564
       862        55.1929        55.6234
       863        55.1929        55.3569
       864        55.1929        55.6095
       865        55.1929        55.5229
       866        55.1929         55.277
       867        55.1929        55.5305
       868        55.1929        55.8787
       869        55.1929         56.031
       870        55.1929        56.0458
       871        55.1929         56.187
       872        55.1929        56.2926
       873        55.1929        55.6308
       874        55.1929        56.1657
       875        55.1929         55.962
       876        55.1929        55.5744
       877        55.1929          55.21
       878        55.1929        55.5933
       879        55.1929        55.5707
       880        55.1929        55.3462
       881        55.1929        55.7386
       882        55.1929        56.2001
       883        55.1929        55.6573
       884        55.1929        55.4114
       885        55.1929        56.3329
       886        55.1929        55.2397
       887        55.1929        55.6685
       888        55.1929        55.7424
       889        55.1929        56.2775
       890        55.1929        56.5588
       891        55.1929        55.5113
       892        55.1929        55.3114
       893        55.1929        55.4474
       894        55.1929         55.637
       895        55.1929        55.7026
       896        55.1929         55.516
       897        55.1929        55.5063
       898        55.1929        55.6996
       899        55.1929         56.599
       900        55.1929        55.9052
       901        55.1929         55.957
       902        55.1929        55.5287
       903        55.1929        55.5554
       904        55.1929        55.7513
       905        55.1929        55.4356
       906        55.1929        56.7164
       907        55.1929        55.3155
       908        55.1929        55.1965
       909        55.1929           55.2
       910        55.1929        55.7352
       911        55.1929        56.2247
       912        55.1929         56.347
       913        55.1929         56.095
       914        55.1929        56.4984
       915        55.1929        56.4584
       916        55.1929        56.2664
       917        55.1929        56.2124
       918        55.1929        57.4017
       919        55.1929        57.2699
       920        55.1929        56.8862
       921        55.1929        56.3753
       922        55.1929        56.3476
       923        55.1929        55.5068
       924        55.1929        55.4421
       925        55.1929        55.4085
       926        55.1929        55.4429
       927        55.1929        55.3777
       928        55.1929        55.4094
       929        55.1929        55.7423
       930        55.1929        55.4341
       931        55.1929        55.6955
       932        55.1929        55.2685
       933        55.1929        55.7971
       934        55.1929        55.4738
       935        55.1929        55.2882
       936        55.1929        55.3471
       937        55.1929        55.3111
       938        55.1929        55.6266
       939        55.1929        55.9257
       940        55.1929        55.9194
       941        55.1929        55.5443
       942        55.1929        55.9091
       943        55.1929        55.1929
       944        55.1929        55.3076
       945        55.1929        56.7988
       946        55.1929        57.6458
       947        55.1929        57.1496
       948        55.1929         56.665
       949        55.1929        55.4947
       950        55.1929        55.7217
       951        55.1929        55.3349
       952        55.1929        55.8575
       953        55.1929        55.6726
       954        55.1929        56.5183
       955        55.1929         56.274
       956        55.1929        55.5838
       957        55.1929        55.2504
       958        55.1929        55.2544
       959        55.1929        56.3047
       960        55.1929        55.7214
       961        55.1929         56.019
       962        55.1929        55.5119
       963        55.1929        55.3584
       964        55.1929        55.2064
       965        55.1929        55.6296
       966        55.1929        55.7805
       967        55.1929        55.9368
       968        55.1929        55.4706
       969        55.1929        55.2429
       970        55.1929        56.1809
       971        55.1929        55.3233
       972        55.1929        55.3572
       973        55.1929        55.2376
       974        55.1929        55.2607
       975        55.1929        55.3816
       976        55.1929        55.8557
       977        55.1929        55.5468
       978        55.1929        55.3315
       979        55.1929        55.2229
       980        55.1929        55.3103
       981        55.1929        55.6101
       982        55.1929        55.4156
       983        55.1929        56.0185
       984        55.1929        55.5037
       985        55.1929         56.375
       986        55.1929        55.7055
       987        55.1929        56.5942
       988        55.1929        56.5886
       989        55.1929        57.4064
       990        55.1929        56.1944
       991        55.1929        57.4586
       992        55.1929        56.3078
       993        55.1929        56.6887
       994        55.1929        56.7485
       995        55.1929        56.0381
       996        55.1929        55.3128
       997        55.1929        55.7455
       998        55.1929        55.3816
       999        55.1929         55.902
      1000        55.1929        55.3215
