#     GEN:            L2:          <L2>:
         1        2272.53        2719.52
         2        2147.03        2538.04
         3        2102.82        2399.55
         4        2007.27        2295.11
         5        1936.93        2201.72
         6        1889.86        2113.32
         7        1779.38        2039.04
         8        1724.01        1970.13
         9        1641.96        1890.25
        10        1578.23        1807.24
        11        1505.32        1721.66
        12        1445.24        1642.77
        13        1324.86         1557.2
        14         1263.9        1475.12
        15         1182.4        1395.25
        16        1144.53        1323.66
        17        1119.53        1270.69
        18        1083.88        1233.17
        19        1045.18        1192.97
        20        1012.67        1166.14
        21        928.166        1136.46
        22         891.31        1092.55
        23         859.02        1032.52
        24        840.068        975.078
        25        795.094        930.188
        26        765.153        885.003
        27        719.858        851.864
        28        717.856        819.047
        29         688.95        782.699
        30        659.584        752.417
        31        630.965        726.345
        32        610.723        696.317
        33        610.723        663.423
        34        607.179        642.968
        35        592.908        626.399
        36        587.483        619.563
        37        579.255        610.564
        38        522.506        601.642
        39        522.506         591.45
        40         515.87          574.9
        41        513.056        557.077
        42         502.11        541.229
        43        489.693        525.356
        44         483.99        519.803
        45        483.874        509.927
        46         474.33        501.659
        47        463.212        498.692
        48        449.583        492.805
        49        449.583        483.265
        50         439.14        471.954
        51        377.192        464.067
        52        355.364        455.093
        53        350.841        436.416
        54        345.745        418.042
        55        337.483        392.008
        56        335.897        372.533
        57        322.538         354.22
        58        310.094        343.663
        59        307.414        335.746
        60        302.875        324.693
        61        302.875        317.381
        62         293.47          312.1
        63        288.367        308.222
        64        287.844        306.025
        65        283.834        302.684
        66        277.697        297.835
        67         276.92        295.133
        68        273.473        289.734
        69        268.881        285.546
        70        264.198        280.745
        71        252.657        277.078
        72         245.97        274.684
        73         245.97        274.007
        74        245.021        266.463
        75        241.846        259.217
        76        239.245        253.917
        77        236.518        248.986
        78         233.54        243.463
        79        228.391         240.91
        80        226.941        239.881
        81        210.057        236.196
        82        210.057        234.836
        83        204.282        232.888
        84        203.193        228.423
        85        200.414        224.416
        86        200.414        215.723
        87        197.576         210.19
        88        192.559        207.464
        89        185.987        205.973
        90        184.986         202.31
        91        182.298        197.108
        92        180.458        195.233
        93        179.457        192.613
        94        176.413        189.916
        95        176.413         186.32
        96        171.954        184.826
        97        170.208        182.358
        98        169.489        179.486
        99        169.082        178.039
       100        164.925        173.266
       101        161.246        171.688
       102        161.246        173.116
       103        160.053        183.082
       104        160.053        187.754
       105        159.371        190.797
       106        157.833        183.666
       107        156.986        183.212
       108        155.094        173.777
       109        154.412         168.02
       110        154.412        164.512
       111        154.361        164.558
       112        153.329        162.876
       113        153.329        164.804
       114        151.549        164.741
       115        150.466        164.254
       116        140.231        161.261
       117        133.938        158.247
       118        133.938        155.328
       119        133.132        149.043
       120        133.132        143.313
       121         132.53        141.312
       122         132.53        138.189
       123        129.411        134.839
       124        129.411        134.981
       125        126.064        132.684
       126        124.604        133.081
       127        122.801        130.736
       128        121.257        129.214
       129        120.988         126.75
       130        120.462        125.249
       131        120.193          124.8
       132        119.808        123.104
       133        119.732        122.653
       134        117.553        121.763
       135        117.128        120.692
       136        116.488        119.675
       137        115.205        118.861
       138        112.633        118.886
       139        111.252        117.274
       140        110.597        115.607
       141        110.441        114.975
       142        110.014        113.426
       143        102.805        112.085
       144        102.648        111.126
       145        101.577        108.048
       146        101.577        105.957
       147        101.577        104.619
       148        101.103        103.558
       149        100.001        103.097
       150        99.2992        102.469
       151        97.8984        101.499
       152        97.7419        100.752
       153        97.7419        105.004
       154        97.1551        108.771
       155        97.1551        103.054
       156        96.2722        100.579
       157        96.2722        99.3918
       158        95.4357        98.4278
       159        95.4357        97.0009
       160        94.1808        96.5845
       161        94.1808        96.0301
       162        94.1808        95.6722
       163        94.1808        95.3062
       164        90.2611        94.8918
       165        90.2611        94.5673
       166        89.1759        93.7156
       167        88.5398        92.7393
       168         85.828           91.9
       169        84.7694        91.5171
       170        84.6927        90.9131
       171        84.3454        88.2966
       172        84.0152        89.0038
       173        84.0152        87.5219
       174        84.0152        84.9941
       175         83.778        84.9767
       176         83.778        86.0759
       177         83.778        84.9601
       178         83.778         83.993
       179        83.1349        83.8365
       180        82.1349        83.9485
       181        82.1349        83.6925
       182        81.4864        83.9823
       183        81.2853        83.1544
       184        80.6368        82.1553
       185        80.6368        81.9663
       186        79.2217        81.7578
       187        79.2217        81.2724
       188        78.4365        80.8409
       189        78.4365        80.2594
       190        77.0214        79.4757
       191        77.0214        79.3184
       192        77.0214        78.8422
       193        76.8525        78.1686
       194        76.8525        78.6956
       195        76.6692        77.6395
       196        74.5393        77.1672
       197        71.8738        78.5083
       198        71.5216        78.0089
       199        69.5799        75.9995
       200        69.5799        74.4448
       201        69.5799        73.1213
       202        69.2277        72.5801
       203        69.2277        71.8507
       204        69.2277        70.8544
       205        69.2277        71.2486
       206        69.2277        70.1518
       207        69.2277         69.907
       208        69.2277        69.8585
       209        69.2277        70.6221
       210        69.2277        70.8314
       211        67.6214        70.0546
       212        67.6214        70.1297
       213        67.6214         69.407
       214         67.521        69.5043
       215         67.521        68.8906
       216        66.7575        68.4783
       217        66.7575        69.1984
       218        66.0966        70.3912
       219        65.8427        69.5734
       220        65.8179        67.5945
       221        65.8179        67.4436
       222        65.5778        67.1592
       223        65.5778        67.4216
       224        65.5778        66.2885
       225        64.9748         65.864
       226        64.9748        66.7199
       227        64.9748        66.5483
       228        64.9748        66.4305
       229         64.882        66.3915
       230         64.882        66.2935
       231        63.2444        65.7561
       232        63.2444        65.8534
       233        63.2444        65.4514
       234        63.2444        65.2744
       235        63.0721        64.8589
       236        63.0721        64.3707
       237        63.0721        63.5092
       238        63.0721        63.3242
       239        63.0721        63.5467
       240        63.0721        63.7611
       241        62.4538        63.9225
       242        62.4538        63.1889
       243        62.4538        62.9345
       244        62.4538        62.9777
       245        62.4538        62.5879
       246        62.4538        62.8549
       247        62.4538        62.8812
       248        62.4538        62.9579
       249        61.9805        63.1981
       250        61.9805        62.9281
       251        61.9805        62.4447
       252        61.9805        62.5332
       253        61.9805        62.5007
       254        61.9805         62.326
       255        61.9805          62.88
       256        61.9805        62.3307
       257        61.9805        62.4572
       258        61.9805        63.1716
       259        61.9805         63.566
       260        61.9805        62.7729
       261        61.5491        62.0989
       262        60.9308        64.2046
       263        60.9308        63.6088
       264        60.9308        64.5649
       265        60.9308        62.6274
       266        60.9308        61.7845
       267        60.9308        63.3024
       268        60.9308        61.4707
       269        60.9308        61.3436
       270        60.9308        61.5058
       271        60.9308        61.5661
       272        60.9308        62.2584
       273        60.9308        61.1111
       274        60.9308         61.106
       275        60.9308        61.0247
       276        60.9308        61.6998
       277        60.9281        61.5997
       278        60.9281        61.5687
       279        60.3456           62.8
       280        59.8332        64.7047
       281        59.8332        65.7175
       282        59.8332        69.3928
       283        59.8332        67.2531
       284        59.8332         64.661
       285        59.8332        63.0058
       286        59.8332        61.4368
       287        59.8332        60.7571
       288        59.8332        60.0704
       289        59.8332        60.2344
       290        59.8332        60.0337
       291        59.8332        60.0869
       292        59.8332        60.1785
       293        59.8332        60.2283
       294        59.8332        60.2524
       295        59.8332        61.3863
       296        59.8332        60.9482
       297        59.8332        60.2465
       298        59.8332        60.0376
       299        59.8332        59.9449
       300        59.8332        60.2379
       301        59.8332        60.5757
       302        59.8332        60.9445
       303        59.8332        60.2812
       304        59.8332        60.4051
       305        59.8332        62.1681
       306        59.8332        61.5445
       307        59.8332        60.9347
       308        59.8332        61.2054
       309        59.8332        60.4411
       310        59.8332         60.645
       311        59.4022        60.4649
       312        59.4022        60.2671
       313        59.4022         60.546
       314        59.4022        61.0984
       315        59.3569        59.8116
       316        59.3569        59.8937
       317        59.3569        60.1621
       318        59.3569        60.4344
       319        59.3569        60.0386
       320        59.3569        60.3828
       321        59.3569        60.8353
       322        59.3569        59.7917
       323        59.3569        59.5225
       324        59.3569        59.4889
       325        59.3569        59.7537
       326        59.1134        60.5849
       327        59.0681        60.2735
       328        59.0681        60.4851
       329        59.0681        59.8572
       330        59.0681        60.4864
       331        59.0681        59.5181
       332        59.0681        60.1129
       333        59.0681        59.2629
       334        59.0681        59.0689
       335        59.0681         59.083
       336        59.0681        59.1096
       337        59.0681        59.2886
       338        59.0681        59.9226
       339        59.0681        60.1889
       340        59.0681        60.8523
       341        59.0681        59.7749
       342        59.0681         59.298
       343        59.0681        60.0206
       344        59.0681        59.0681
       345        59.0336        59.3044
       346        59.0336        59.8617
       347        59.0336        59.5613
       348        59.0336        59.5793
       349        59.0336        60.2399
       350        59.0336        59.6709
       351        58.1841        59.1226
       352        58.1496        59.7129
       353        58.1496        60.0093
       354        58.1496         59.427
       355        58.0188        58.9526
       356        58.0188        58.8656
       357        58.0188        58.7355
       358        58.0188        58.3643
       359        58.0188        58.7716
       360        58.0188        60.1795
       361        58.0188        59.9265
       362        58.0188        58.9037
       363        58.0188         58.744
       364        58.0188         58.249
       365        58.0188        58.2016
       366        58.0188          58.91
       367        58.0188        59.3294
       368        58.0188        59.4068
       369        58.0188        59.1834
       370        58.0188        58.0855
       371        58.0188        58.3675
       372        58.0188        58.3921
       373        58.0188        58.9305
       374        58.0188        58.2282
       375        58.0188        58.0222
       376        58.0188          58.09
       377        58.0188        58.5244
       378        58.0188        58.3238
       379        58.0188        58.4454
       380        58.0188        59.0149
       381        57.8403        58.3821
       382        57.8403         58.602
       383        57.8403        64.0185
       384        57.8403        73.7154
       385        57.8403        85.0168
       386        57.5553        81.5567
       387        57.5553        86.3876
       388        57.5553        82.6242
       389        57.5553        82.5614
       390        57.5553        83.7966
       391        57.3538        84.4334
       392        57.3538        77.7401
       393        57.3538        74.2194
       394        57.3538         64.581
       395        57.3538        61.3681
       396        56.5529        59.2089
       397        56.4627        57.9499
       398        56.4627        57.2986
       399        56.4627        57.2383
       400        56.4627         57.083
       401        56.4627        56.9841
       402        56.4627        56.8551
       403        56.4627        57.1862
       404        56.4627        57.4688
       405        56.4627        57.0701
       406        56.4627         57.143
       407        56.4627        57.2717
       408        56.4627        56.7234
       409        56.4627         56.587
       410        56.4627        56.6321
       411        56.4627        56.9151
       412        56.4627        57.4529
       413        56.4627        57.0408
       414        56.4627        56.9322
       415        56.4627        56.5406
       416        56.4627        56.5744
       417        56.4627        56.8191
       418        56.4627        56.6663
       419        56.4627        57.1265
       420        56.4627        57.0287
       421        56.4627        56.7083
       422        56.4627        57.5961
       423        56.4627         57.198
       424        56.4627        57.2786
       425        56.4627        57.9082
       426        56.4627        57.6169
       427        56.4627        56.7615
       428        56.4627        57.1148
       429        56.4627        56.6446
       430        56.4627        56.7801
       431        56.4627        56.5588
       432        56.4627         56.538
       433        56.4627        56.6781
       434        56.4627        57.5685
       435        56.4627         57.192
       436        56.2795        56.8018
       437        56.2795        56.4596
       438        56.2795        56.6099
       439        56.2795        56.7582
       440        56.2795        56.5065
       441        56.2795        56.3933
       442        56.2795        56.6296
       443        56.2795        56.8454
       444        56.2795        56.6873
       445        56.2795        56.6062
       446        56.2795        56.3491
       447        56.2795        56.3943
       448        56.2795        56.8592
       449        56.2795        57.1394
       450        56.2795        56.7273
       451        56.2795        56.3548
       452        56.2795        56.3878
       453        56.2795        57.3895
       454        56.2795        57.7715
       455        56.2795        56.6405
       456        56.2795        56.3522
       457        56.2795         56.345
       458        56.2795        56.4501
       459        56.2795        56.3846
       460        56.2795        56.5508
       461        56.2795        56.5362
       462        56.2795        56.8952
       463        56.2795        56.9117
       464        56.2795        56.7712
       465        56.2795        56.7072
       466        56.2795        56.9744
       467        56.2795        57.0508
       468        56.2795        57.1545
       469        56.2795        56.4183
       470        56.2795        56.8629
       471        56.2795        56.5749
       472        56.2795        57.1091
       473        56.2795        56.7364
       474        56.2795        56.6237
       475        56.2795        56.2795
       476        56.2795        56.2795
       477        56.2795        56.4002
       478        56.2795         56.611
       479        56.2795        56.3548
       480        56.2795        56.2826
       481        56.2795        56.6135
       482        56.2795        56.6431
       483        56.2795        57.2096
       484        56.2795        57.0583
       485        56.2795        56.7049
       486        56.2795          56.54
       487        56.2795         56.486
       488        56.2795        56.4922
       489        56.2795        57.0668
       490        56.2795        56.4472
       491        56.2795        56.9777
       492        56.2795          56.77
       493        56.2795        57.2205
       494        56.2795        56.8122
       495        56.2795        56.5519
       496        56.2795          56.31
       497        56.2795         57.053
       498        56.2795        56.8799
       499        56.2795        57.5546
       500        56.2795        57.2764
       501        56.2795        56.6159
       502        56.2795         57.009
       503        56.2795         57.989
       504        56.2795        57.1595
       505        56.2795        56.8418
       506        56.2795        56.9558
       507        56.2795        56.4214
       508        56.2795        56.6742
       509        56.2795        56.5859
       510        56.2795        57.3404
       511        56.2795        56.6198
       512        56.2795        56.7541
       513        56.2795        56.4874
       514        56.2795        57.2689
       515        56.2795         56.412
       516        56.2795        56.5659
       517        56.2795        56.4349
       518        56.2795        56.4849
       519        56.2795        57.0195
       520        56.2795        57.5841
       521        56.2795        58.2125
       522        56.2795        56.4253
       523        56.2795        56.5399
       524        56.2795        56.5265
       525        56.2795        57.5594
       526        56.2795        57.3605
       527        56.2795        57.3567
       528        56.2795        56.7009
       529        56.2795        57.0603
       530        56.2795        56.8555
       531        56.2795        57.3785
       532        56.2795        56.7921
       533        56.2795        56.4703
       534        56.2795        56.3686
       535        56.2795        57.2172
       536        56.2795        57.7013
       537        56.2795        57.7895
       538        56.2795        57.0947
       539        56.2795        57.8032
       540        56.2795        58.1042
       541        56.2795        56.5077
       542        56.2795        56.2822
       543        56.2795        57.2319
       544        56.2795        56.4245
       545        56.2795        56.5639
       546        56.2795        57.0127
       547        56.2795        56.9449
       548        56.2795        57.2742
       549        56.2795        57.5784
       550        56.2795        56.9106
       551        56.2795        56.6294
       552        56.2795        56.8178
       553        56.2795        56.5758
       554        56.2795        56.8621
       555        56.2795        57.2702
       556        56.2795        57.4447
       557        56.2795        56.4117
       558        56.2795        57.9851
       559        56.2795        56.9949
       560        56.2795        57.2266
       561        56.2795        57.0381
       562        56.2795        57.8134
       563        56.2795        57.7531
       564        56.2795         56.693
       565        56.2795        56.4373
       566        56.2795        56.4411
       567        56.2795        57.5865
       568        56.2795        57.2531
       569        56.2795        56.6498
       570        56.2795        56.7948
       571        56.2795        57.1982
       572        56.2795        56.6875
       573        56.2795        56.4702
       574        56.2795        56.8076
       575        56.2795        57.8372
       576        56.2795        56.8878
       577        56.2795        57.0417
       578        56.2795         57.526
       579        56.2795        56.9886
       580        56.2795        56.7683
       581        56.2795        56.6052
       582        56.2795        57.1025
       583        56.2795        57.1405
       584        56.2795        57.7866
       585        56.2795        56.5091
       586        56.2795        56.4131
       587        56.2795        56.4893
       588        56.2795        56.4272
       589        56.2795        56.6818
       590        56.2795        56.4417
       591        56.2795        56.3715
       592        56.2795        56.5219
       593        56.2795        56.8225
       594        56.2795        56.6109
       595        56.2795        57.1906
       596        56.2795        57.0436
       597        56.2795        56.8009
       598        56.2795        56.8273
       599        56.2795         57.441
       600        56.2795        56.6569
       601        56.2795        56.8889
       602        56.2795        57.2491
       603        56.2795        57.6641
       604        56.2795        57.7128
       605        56.2795        58.1553
       606        56.2795        56.3546
       607        56.2795        56.7988
       608        56.2795        56.5731
       609        56.2795        56.9557
       610         56.245        56.4683
       611         56.245           57.1
       612         56.245        56.9312
       613         56.245        56.6109
       614         56.245        56.9099
       615         56.245        57.1389
       616         56.245        56.5959
       617         56.245        56.4509
       618         56.245        56.7259
       619         56.245        56.3592
       620         56.245        56.7406
       621         56.245        56.3201
       622         56.245        56.2583
       623         56.245         56.292
       624         56.245        56.5602
       625         56.245        57.1847
       626        56.1233        57.6262
       627        56.1233        57.0644
       628        56.1233        57.0027
       629        56.1233        57.0687
       630        56.1233        57.1732
       631        56.1233        57.2306
       632        56.1233         56.505
       633        56.1233        56.9673
       634        56.1233        56.6711
       635        56.1233        56.7584
       636        56.1233        56.6387
       637        56.1233        57.4983
       638        56.1233        56.8952
       639        56.1233        56.6938
       640        56.1233        56.3371
       641        56.1233        56.3597
       642        56.1233        56.5487
       643        56.1233        56.2958
       644        56.1233        56.2179
       645        56.1233         56.448
       646        55.6626        56.4027
       647        55.6626        56.5314
       648        55.6626        56.3622
       649        55.6626        55.9595
       650        55.6626        56.2948
       651        55.6626        55.9083
       652        55.6626        57.2034
       653        55.6626        56.6426
       654        55.6626        55.8364
       655        55.6626        56.1486
       656        55.6626        56.1242
       657        55.6626         55.885
       658        55.6626          55.67
       659        55.6626        55.6829
       660        55.6626        55.7079
       661        55.6626        55.6704
       662        55.6626        55.9409
       663        55.6626        56.2354
       664        55.6626        56.3808
       665        55.6626        56.5004
       666        55.6626        56.5964
       667        55.6626        55.7054
       668        55.6626        55.9022
       669        55.6626        55.6626
       670        55.6626        55.6812
       671        55.6626        55.8449
       672        55.6626        55.9512
       673        55.6626        56.1346
       674        55.6626        56.5526
       675        55.6626        57.1404
       676        55.6626        56.6021
       677        55.6626        55.8608
       678        55.6626        56.5134
       679        55.6626         56.261
       680        55.6626        55.9113
       681        55.6626        55.9728
       682        55.6626        56.6616
       683        55.6626        56.4626
       684        55.6626        57.0574
       685        55.6626        56.3602
       686        55.6626        56.4298
       687        55.6626        56.4446
       688        55.6626        57.0188
       689        55.6626        55.9407
       690        55.6626        55.8558
       691        55.6626        56.6093
       692        55.6626        56.2818
       693        55.6626        56.2244
       694        55.6626        56.0564
       695        55.6626        56.5482
       696        55.6626        56.0517
       697        55.6626        55.6669
       698        55.6626        55.9125
       699        55.6626        55.7879
       700        55.6626        55.8671
       701        55.6626        55.7865
       702        55.6626        56.4261
       703        55.6626        55.9957
       704        55.6626        56.4579
       705        55.6626        56.5626
       706        55.5601        56.4024
       707        55.5601        55.8789
       708        55.5601        56.0134
       709        55.5601        55.9803
       710        55.5601        55.7875
       711        55.5601        56.0628
       712        55.5601        55.7873
       713        55.5601        55.6793
       714        55.5601        56.1322
       715        55.5601        56.4768
       716        55.5601         56.041
       717        55.5601        55.5745
       718        55.5601        55.6759
       719        55.5601        56.8005
       720        55.5601        57.1957
       721        55.5601        57.5839
       722        55.5601        57.3194
       723        55.5601        56.7676
       724        55.5601        55.7618
       725        55.5601        55.8857
       726        55.2377        55.9114
       727        55.2377         55.888
       728        55.2377        55.4772
       729        55.2377        55.3728
       730        55.2377        55.7603
       731        55.2377         56.643
       732        55.2377        56.2321
       733        55.2377        55.8815
       734        55.2377        55.4816
       735        55.2377        55.4981
       736        55.2377        55.6294
       737        55.2377        55.4939
       738        55.2377        56.0361
       739        55.2377        55.6573
       740        55.2377        55.8782
       741        55.2377        55.7542
       742        55.2377         55.973
       743        55.2377        56.3135
       744        55.2377        55.8733
       745        55.2377        56.4729
       746        55.2203        55.5691
       747        55.2203        55.8353
       748        55.2203        55.8027
       749        55.2203         55.295
       750        55.2203        55.2231
       751        55.2203        55.2294
       752        55.2203        55.2458
       753        55.2203        55.2655
       754        55.2203        55.4662
       755        55.2203         55.436
       756        55.2203        55.3849
       757        55.2203        55.2756
       758        55.2203        55.3108
       759        55.2203        55.2466
       760        55.2203        55.2203
       761        55.2203        55.3793
       762        55.2203        55.3977
       763        55.2203        55.5527
       764        55.2203        56.4883
       765        55.2203        57.0006
       766        55.1929        56.7066
       767        55.1929        55.7687
       768        55.1929        55.4942
       769        55.1929        55.9377
       770        55.1929        55.4791
       771        55.1929        55.3924
       772        55.1929        55.5305
       773        55.1929        55.4974
       774        55.1929        55.4902
       775        55.1929        55.8883
       776        55.1929        55.3195
       777        55.1929        55.1963
       778        55.1929        55.4971
       779        55.1929        55.3823
       780        55.1929        56.5939
       781        55.1929        56.5697
       782        55.1929        57.0849
       783        55.1929        58.0487
       784        55.1929        57.0876
       785        55.1929         55.906
       786        55.1929        55.8875
       787        55.1929        56.2865
       788        55.1929        56.0534
       789        55.1929        56.8108
       790        55.1929        55.8214
       791        55.1929        56.5648
       792        55.1929        55.9414
       793        55.1929        55.5507
       794        55.1929         57.093
       795        55.1929        56.2014
       796        55.1929        55.8355
       797        55.1929        55.3842
       798        55.1929        55.2233
       799        55.1929        55.3575
       800        55.1929        55.4354
       801        55.1929          55.73
       802        55.1929        56.3073
       803        55.1929        55.5106
       804        55.1929        55.2062
       805        55.1929        55.1929
       806        55.1929        55.5264
       807        55.1929         56.134
       808        55.1929        56.2411
       809        55.1929        55.4166
       810        55.1929        55.5599
       811        55.1929        55.3277
       812        55.1929        55.1929
       813        55.1929        55.3989
       814        55.1929          55.22
       815        55.1929        55.8701
       816        55.1929        55.2904
       817        55.1929        55.1929
       818        55.1929        55.2242
       819        55.1929        55.1929
       820        55.1929          55.39
       821        55.1929        55.1929
       822        55.1929        55.3211
       823        55.1929        55.3039
       824        55.1929        55.5658
       825        55.1929        57.5126
       826        55.1929        56.7731
       827        55.1929        55.7548
       828        55.1929        55.4192
       829        55.1929         55.383
       830        55.1929        55.3468
       831        55.1929        55.3517
       832        55.1929        55.2122
       833        55.1929         55.327
       834        55.1929        55.2839
       835        55.1929        55.8824
       836        55.1929        55.7683
       837        55.1929         56.168
       838        55.1929        55.9061
       839        55.1929        56.3991
       840        55.1929        56.0101
       841        55.1929        55.3736
       842        55.1929        55.4466
       843        55.1929         55.577
       844        55.1929        55.9495
       845        55.1929        55.9642
       846        55.1929        55.7529
       847        55.1929        55.8466
       848        55.1929        55.6667
       849        55.1929        55.2217
       850        55.1929        55.8706
       851        55.1929        55.6527
       852        55.1929        55.4756
       853        55.1929        57.1062
       854        55.1929        58.1067
       855        55.1929        57.2302
       856        55.1929        56.2495
       857        55.1929        56.8312
       858        55.1929        56.7866
       859        55.1929        56.1639
       860        55.1929         56.556
       861        55.1929        55.3715
       862        55.1929        55.2103
       863        55.1929        55.2038
       864        55.1929        55.9182
       865        55.1929        55.2885
       866        55.1929        55.2027
       867        55.1929        55.2378
       868        55.1929        55.2295
       869        55.1929        55.2498
       870        55.1929        55.8405
       871        55.1929        55.4302
       872        55.1929        55.5158
       873        55.1929        56.1497
       874        55.1929        55.7822
       875        55.1929        55.8901
       876        55.1929        56.0426
       877        55.1929        55.9191
       878        55.1929        55.2094
       879        55.1929        55.2086
       880        55.1929        55.9564
       881        55.1929        56.5727
       882        55.1929        55.7735
       883        55.1929        55.6238
       884        55.1929        55.3463
       885        55.1929         55.578
       886        55.1929         55.524
       887        55.1929        56.1206
       888        55.1929        55.6952
       889        55.1929        55.5201
       890        55.1929        55.2682
       891        55.1929         55.408
       892        55.1929        55.4225
       893        55.1929        55.5477
       894        55.1929         55.321
       895        55.1929         55.284
       896        55.1929        56.2779
       897        55.1929        55.7986
       898        55.1929        55.5648
       899        55.1929        55.1929
       900        55.1929        55.2456
       901        55.1929        55.4073
       902        55.1929        55.8173
       903        55.1929        56.9134
       904        55.1929        55.9549
       905        55.1929        56.0561
       906        55.1929        55.6385
       907        55.1929        55.6782
       908        55.1929        55.2511
       909        55.1929        55.2263
       910        55.1929        55.7609
       911        55.1929        56.1842
       912        55.1929        55.5938
       913        55.1929        55.7591
       914        55.1929        55.3483
       915        55.1929        55.2221
       916        55.1929        55.2652
       917        55.1929        55.3119
       918        55.1929        55.3657
       919        55.1929        55.2732
       920        55.1929        55.6291
       921        55.1929        55.6059
       922        55.1929         55.944
       923        55.1929        56.4843
       924        55.1929        56.6724
       925        55.1929        55.6213
       926        55.1929        56.0424
       927        55.1929        55.9293
       928        55.1929        55.2758
       929        55.1929        55.2382
       930        55.1929        55.3211
       931        55.1929        56.2812
       932        55.1929        55.4023
       933        55.1929        55.3926
       934        55.1929        55.4811
       935        55.1929        55.4656
       936        55.1929        55.6095
       937        55.1929        55.1963
       938        55.1929        55.1938
       939        55.1929        55.7628
       940        55.1929        55.7543
       941        55.1929        55.7598
       942        55.1929        56.9709
       943        55.1929        56.1052
       944        55.1929        56.5074
       945        55.1929        58.9419
       946        55.1929        55.9727
       947        55.1929        56.0162
       948        55.1929        56.4826
       949        55.1929        56.7799
       950        55.1929        55.5125
       951        55.1929        55.3033
       952        55.1929        55.8117
       953        55.1929        55.9107
       954        55.1929        55.1929
       955        55.1929        55.2546
       956        55.1929        55.6193
       957        55.1929        55.3738
       958        55.1929        55.1943
       959        55.1929        55.2311
       960        55.1929        55.1929
       961        55.1929         55.731
       962        55.1929        55.9331
       963        55.1929        55.2211
       964        55.1929        55.3694
       965        55.1929        55.5061
       966        55.1929        55.9089
       967        55.1929        56.0283
       968        55.1929        56.9637
       969        55.1929        55.5182
       970        55.1929        55.3093
       971        55.1929        55.5803
       972        55.1929        55.4339
       973        55.1929        55.1929
       974        55.1929        55.4087
       975        55.1929        56.2977
       976        55.1929        56.2766
       977        55.1929        55.4446
       978        55.1929        55.3767
       979        55.1929        56.0106
       980        55.1929        55.5455
       981        55.1929         55.273
       982        55.1929        55.4557
       983        55.1929        56.2219
       984        55.1929        55.2347
       985        55.1929        55.8449
       986        55.1929        55.6197
       987        55.1929        55.7214
       988        55.1929        55.4967
       989        55.1929        56.9399
       990        55.1929        55.6429
       991        55.1929        55.5676
       992        55.1929        55.5941
       993        55.1929        55.7977
       994        55.1929        55.8559
       995        55.1929         55.309
       996        55.1929         55.383
       997        55.1929        55.2327
       998        55.1929         55.266
       999        55.1929        55.1929
      1000        55.1929        55.1929
