#  VELOCITY:   ACTUAL_POFV:   AVE_POFV:      ERROR:
   0.0942809              0           0           0
    0.282843      0.0143877   0.0143877           0
    0.471405      0.0653337   0.0653337           0
    0.659966       0.101033    0.101033           0
    0.848528       0.141446    0.141446           0
     1.03709       0.163543    0.163543           0
     1.22565       0.270321    0.270321           0
     1.41421       0.333666    0.333666           0
     1.60278       0.306879    0.306879           0
     1.79134        0.35704     0.35704           0
      1.9799       0.395022    0.395022           0
     2.16846       0.346703    0.346703           0
     2.35702       0.393304    0.393304           0
     2.54558       0.697089    0.697089           0
     2.73415       0.419525    0.419525           0
     2.92271       0.346777    0.346777           0
     3.11127       0.285863    0.285863           0
     3.29983       0.190501    0.190501           0
     3.48839       0.160965    0.160965           0
     3.67696       0.106213    0.106213           0
     3.86552      0.0784447   0.0784447           0
     4.05408       0.050234    0.050234           0
     4.24264      0.0259764   0.0259764           0
      4.4312      0.0230546   0.0230546           0
     4.61976      0.0164009   0.0164009           0
     4.80833     0.00883883  0.00883883           0
     4.99689     0.00279896  0.00279896           0
     5.18545     0.00193963  0.00193963           0
     5.37401              0           0           0
     5.56257              0           0           0


   0.0942809      0.0130618  0.00653092  0.00461806
    0.282843      0.0321144    0.023251  0.00626736
    0.471405       0.128703   0.0970185   0.0224045
    0.659966       0.151144    0.126088    0.017717
    0.848528       0.157626    0.149536  0.00572049
     1.03709         0.2948    0.229171   0.0464062
     1.22565       0.308279      0.2893   0.0134201
     1.41421       0.436663    0.385165   0.0364149
     1.60278       0.534283    0.420581   0.0803993
     1.79134       0.496497    0.426768   0.0493056
      1.9799       0.500646    0.447834   0.0373438
     2.16846       0.388884    0.367794   0.0149132
     2.35702       0.312305    0.352805   0.0286372
     2.54558       0.334771     0.51593    0.128099
     2.73415       0.245965    0.332745   0.0613628
     2.92271       0.275772    0.311274   0.0251042
     3.11127       0.201501    0.243682   0.0298264
     3.29983       0.191803    0.191152 0.000460069
     3.48839       0.118367    0.139666   0.0150608
     3.67696      0.0600304   0.0831219   0.0163281
     3.86552      0.0370003   0.0577225   0.0146528
     4.05408      0.0519036   0.0510688 0.000590278
     4.24264      0.0229564   0.0244664  0.00106771
      4.4312     0.00822503   0.0156398  0.00524306
     4.61976              0  0.00820047  0.00579861
     4.80833              0  0.00441942    0.003125
     4.99689              0  0.00139948 0.000989583
     5.18545              0 0.000969817 0.000685764
     5.37401              0           0           0
     5.56257              0           0           0


   0.0942809     0.00238157   0.0051478  0.00327929
    0.282843      0.0465757   0.0310259  0.00759981
    0.471405      0.0762841    0.090107   0.0159668
    0.659966       0.170467    0.140881   0.0168935
    0.848528       0.357555    0.218876    0.056744
     1.03709       0.321807     0.26005   0.0399098
     1.22565       0.382771    0.320457   0.0269669
     1.41421       0.555693    0.442007   0.0523776
     1.60278       0.552746    0.464636   0.0645508
     1.79134       0.484884     0.44614   0.0364779
      1.9799       0.362785    0.419485   0.0339942
     2.16846       0.330327    0.355305   0.0142418
     2.35702       0.332046    0.345885   0.0199099
     2.54558       0.315964    0.449275    0.101267
     2.73415       0.265607    0.310366   0.0448041
     2.92271       0.180681    0.267743   0.0392863
     3.11127       0.135406     0.20759     0.03555
     3.29983       0.108816    0.163707   0.0224112
     3.48839       0.107073    0.128801   0.0133978
     3.67696      0.0806053    0.082283   0.0109069
     3.86552      0.0467476   0.0540642    0.010215
     4.05408      0.0586555   0.0535977  0.00210199
     4.24264      0.0228337   0.0239221 0.000839127
      4.4312     0.00405113   0.0117769  0.00470804
     4.61976    0.000540151  0.00564703  0.00439211
     4.80833              0  0.00294628  0.00240563
     4.99689              0 0.000932988 0.000761782
     5.18545              0 0.000646544 0.000527901
     5.37401              0           0           0
     5.56257              0           0           0


   0.0942809    0.000908436  0.00408796  0.00262515
    0.282843      0.0209677   0.0285114  0.00610169
    0.471405      0.0620437   0.0830912   0.0134283
    0.659966       0.160646    0.145822   0.0133733
    0.848528        0.29971    0.239084    0.046016
     1.03709       0.294112    0.268566   0.0308274
     1.22565       0.508037    0.367352   0.0453697
     1.41421       0.556797    0.470705   0.0464848
     1.60278       0.553949    0.486965    0.052132
     1.79134       0.410515    0.437234   0.0284249
      1.9799       0.417168    0.418906   0.0255006
     2.16846       0.404598    0.367628   0.0150992
     2.35702       0.360649    0.349576   0.0152707
     2.54558       0.259346    0.401793   0.0863676
     2.73415       0.284881    0.303995    0.034053
     2.92271       0.204521    0.251937   0.0324889
     3.11127       0.175083    0.199463   0.0275757
     3.29983      0.0950666    0.146547   0.0224359
     3.48839       0.117581    0.125996   0.0103379
     3.67696      0.0830114   0.0824651  0.00818173
     3.86552      0.0258536   0.0470116  0.00979794
     4.05408     0.00785674   0.0421625   0.0100279
     4.24264              0   0.0179416  0.00521739
      4.4312              0   0.0088327   0.0043554
     4.61976              0  0.00423527  0.00351366
     4.80833              0  0.00220971  0.00191366
     4.99689              0 0.000699741 0.000605994
     5.18545              0 0.000484908 0.000419943
     5.37401              0           0           0
     5.56257              0           0           0


   0.0942809     0.00542606  0.00435558  0.00211372
    0.282843       0.028137   0.0284365  0.00488181
    0.471405      0.0604969   0.0785723   0.0114778
    0.659966        0.13408    0.143474   0.0109029
    0.848528       0.197867    0.230841    0.037544
     1.03709       0.250139     0.26488   0.0248812
     1.22565       0.502316    0.394345   0.0435921
     1.41421        0.53826    0.484216   0.0391021
     1.60278       0.628122    0.515196   0.0487542
     1.79134       0.557043    0.461196    0.031248
      1.9799       0.489843    0.433093   0.0240252
     2.16846       0.360133    0.366129   0.0121536
     2.35702       0.301011    0.339863   0.0149906
     2.54558       0.293965    0.380227   0.0717359
     2.73415        0.26514    0.296224   0.0281151
     2.92271       0.223254    0.246201   0.0264928
     3.11127         0.1577     0.19111   0.0232913
     3.29983       0.144024    0.146042   0.0179544
     3.48839       0.070637    0.114924   0.0129022
     3.67696      0.0692375   0.0798196  0.00695996
     3.86552      0.0141176   0.0404328  0.00980123
     4.05408      0.0123498   0.0361999  0.00963323
     4.24264              0   0.0143533  0.00526521
      4.4312              0  0.00706616  0.00382584
     4.61976              0  0.00338822  0.00291124
     4.80833              0  0.00176777  0.00158114
     4.99689              0 0.000559793 0.000500694
     5.18545              0 0.000387927 0.000346972
     5.37401              0           0           0
     5.56257              0           0           0


   0.0942809     0.00095754  0.00378924  0.00183574
    0.282843      0.0412233   0.0305676  0.00450942
    0.471405      0.0629521    0.075969  0.00985569
    0.659966       0.105207    0.137096   0.0107911
    0.848528       0.208621    0.227138   0.0314687
     1.03709       0.333028    0.276238   0.0231822
     1.22565       0.527261    0.416497   0.0415763
     1.41421       0.590778    0.501976   0.0363957
     1.60278       0.563697    0.523279   0.0412932
     1.79134       0.562665    0.478107   0.0302724
      1.9799       0.465586    0.438509   0.0206223
     2.16846        0.33649    0.361189   0.0110866
     2.35702       0.294775    0.332348   0.0142517
     2.54558       0.264257    0.360899   0.0623295
     2.73415        0.32112    0.300373   0.0237335
     2.92271       0.181049    0.235342   0.0242005
     3.11127       0.172063    0.187936   0.0196246
     3.29983      0.0974727    0.137947   0.0166874
     3.48839      0.0822257    0.109475    0.011847
     3.67696      0.0532785   0.0753961  0.00706723
     3.86552      0.0371477   0.0398852  0.00818297
     4.05408     0.00144859    0.030408  0.00961243
     4.24264              0   0.0119611  0.00490108
      4.4312              0  0.00588846  0.00336458
     4.61976              0  0.00282352   0.0024802
     4.80833              0  0.00147314  0.00134479
     4.99689              0 0.000466494 0.000425849
     5.18545              0 0.000323272 0.000295106
     5.37401              0           0           0
     5.56257              0           0           0


   0.0942809              0  0.00324792  0.00165137
    0.282843      0.0497676   0.0333105  0.00462476
    0.471405      0.0802124   0.0765752  0.00846636
    0.659966       0.161235    0.140544  0.00978501
    0.848528       0.347366    0.244313   0.0313115
     1.03709       0.396545    0.293425   0.0254562
     1.22565       0.522326    0.431616    0.038287
     1.41421       0.557338    0.509885   0.0320441
     1.60278       0.635218    0.539271   0.0383658
     1.79134       0.469121    0.476824    0.025975
      1.9799       0.297304    0.418336   0.0257144
     2.16846       0.252447    0.345655   0.0172381
     2.35702       0.277441    0.324504   0.0142113
     2.54558       0.263324    0.346959   0.0549619
     2.73415       0.328093    0.304333   0.0206707
     2.92271       0.177464    0.227074   0.0221107
     3.11127       0.191459    0.188439   0.0168275
     3.29983      0.0937899    0.131639   0.0154498
     3.48839      0.0591711    0.102288     0.01214
     3.67696      0.0509215   0.0718997  0.00686827
     3.86552      0.0517317   0.0415776  0.00718685
     4.05408      0.0293646    0.030259  0.00824038
     4.24264     0.00999279   0.0116799  0.00420898
      4.4312     0.00166956  0.00528576  0.00293741
     4.61976              0  0.00242016  0.00215843
     4.80833              0  0.00126269  0.00116902
     4.99689              0 0.000399852 0.000370191
     5.18545              0  0.00027709 0.000256536
     5.37401              0           0           0
     5.56257              0           0           0


   0.0942809      0.0208204  0.00544448   0.0025119
    0.282843      0.0360919   0.0336582  0.00405971
    0.471405      0.0993878   0.0794268  0.00787366
    0.659966       0.200101    0.147989   0.0110363
    0.848528       0.265705    0.246987   0.0275115
     1.03709       0.350067    0.300505    0.023238
     1.22565       0.391168     0.42656   0.0338333
     1.41421       0.540347    0.513693   0.0282639
     1.60278       0.479089    0.531748   0.0342996
     1.79134       0.509976    0.480968   0.0230563
      1.9799       0.563034    0.436424   0.0281515
     2.16846       0.412528    0.354014   0.0169896
     2.35702       0.228779    0.312539   0.0167305
     2.54558       0.298163     0.34086   0.0484289
     2.73415        0.22954    0.294984   0.0200902
     2.92271       0.181368    0.221361   0.0200714
     3.11127       0.185959    0.188129   0.0147269
     3.29983       0.155588    0.134633   0.0138056
     3.48839      0.0661194   0.0977673   0.0114334
     3.67696      0.0317461   0.0668805  0.00762628
     3.86552       0.031918   0.0403702  0.00638912
     4.05408      0.0235457   0.0294198  0.00725294
     4.24264    0.000270076   0.0102537  0.00391705
      4.4312      0.0010803  0.00476008  0.00261685
     4.61976    0.000908436  0.00223119  0.00189688
     4.80833              0  0.00110485   0.0010335
     4.99689              0 0.000349871 0.000327274
     5.18545              0 0.000242454 0.000226795
     5.37401              0           0           0
     5.56257              0           0           0


   0.0942809     0.00466494  0.00535786  0.00223429
    0.282843       0.022981   0.0324718    0.003778
    0.471405       0.150064   0.0872753   0.0101852
    0.659966       0.318149    0.166896   0.0203465
    0.848528       0.300349    0.252916   0.0250854
     1.03709       0.331751    0.303977   0.0209137
     1.22565       0.444323    0.428533   0.0301316
     1.41421       0.398803    0.500927   0.0278575
     1.60278       0.438136    0.521347   0.0320268
     1.79134       0.501432    0.483241   0.0206063
      1.9799       0.596008    0.454155   0.0300941
     2.16846       0.374816    0.356325   0.0152583
     2.35702       0.309286    0.312177   0.0148754
     2.54558       0.309457    0.337371   0.0431734
     2.73415       0.289545     0.29438    0.017867
     2.92271       0.107441    0.208703   0.0214646
     3.11127       0.100444    0.178386   0.0159919
     3.29983      0.0645235    0.126843   0.0143015
     3.48839      0.0552918   0.0930478   0.0110944
     3.67696      0.0650882   0.0666814  0.00678152
     3.86552      0.0207713   0.0381925  0.00603894
     4.05408      0.0117115   0.0274522  0.00670864
     4.24264      0.0204521   0.0113868  0.00364204
      4.4312      0.0350116  0.00812136   0.0039311
     4.61976     0.00329001  0.00234884  0.00168976
     4.80833     0.00287262  0.00130127 0.000937143
     4.99689      0.0136511  0.00182778  0.00142343
     5.18545       0.011024   0.0014404  0.00114729
     5.37401     0.00196419 0.000218243 0.000205761
     5.56257              0           0           0


   0.0942809              0  0.00482208  0.00207411
    0.282843      0.0230792   0.0315325  0.00351502
    0.471405       0.111124   0.0896602  0.00944177
    0.659966       0.190256    0.169232   0.0184455
    0.848528       0.364995    0.264124   0.0249554
     1.03709       0.396078    0.313187   0.0207515
     1.22565       0.430918    0.428772   0.0271194
     1.41421       0.418568    0.492691    0.026261
     1.60278       0.579828    0.527195   0.0293532
     1.79134       0.448203    0.479738   0.0188412
      1.9799       0.595345    0.468274   0.0302157
     2.16846         0.2879    0.349483   0.0151894
     2.35702       0.331407      0.3141   0.0135116
     2.54558       0.332905    0.336924   0.0388584
     2.73415        0.25311    0.290253   0.0165501
     2.92271       0.164501    0.204283    0.019768
     3.11127       0.103341    0.170882   0.0160573
     3.29983      0.0779291    0.121951   0.0136823
     3.48839      0.0862523   0.0923683   0.0100058
     3.67696      0.0145595   0.0614692  0.00785501
     3.86552       0.041076   0.0384808  0.00544192
     4.05408     0.00311814   0.0250188  0.00646406
     4.24264    0.000220971   0.0102702  0.00344475
      4.4312    0.000220971  0.00733132  0.00361651
     4.61976    0.000294628  0.00214342  0.00153322
     4.80833      0.0133565  0.00250679  0.00142103
     4.99689      0.0203293  0.00367794  0.00217301
     5.18545      0.0118588  0.00248224  0.00142936
     5.37401     0.00252889 0.000449307 0.000286959
     5.56257              0           0           0


   0.0942809     0.00677644  0.00499974  0.00189315
    0.282843      0.0270812   0.0311279  0.00321868
    0.471405      0.0400694   0.0851519  0.00959958
    0.659966       0.175107    0.169766   0.0167763
    0.848528       0.343634    0.271352   0.0237104
     1.03709        0.38034    0.319292   0.0197426
     1.22565       0.435092    0.429346   0.0246601
     1.41421       0.537131    0.496731   0.0241824
     1.60278       0.568853    0.530982   0.0269279
     1.79134       0.505876    0.482114   0.0172776
      1.9799       0.410908    0.463059   0.0279153
     2.16846       0.492323    0.362468   0.0185464
     2.35702        0.30381    0.313165   0.0123156
     2.54558       0.267301    0.330595   0.0358376
     2.73415       0.190821    0.281213   0.0173392
     2.92271       0.193914     0.20334   0.0179934
     3.11127       0.176728    0.171413   0.0146063
     3.29983        0.07788    0.117945   0.0130118
     3.48839      0.0338331   0.0870469   0.0104155
     3.67696      0.0568386   0.0610482  0.00715219
     3.86552      0.0310341   0.0378039  0.00498913
     4.05408      0.0164255   0.0242376  0.00592343
     4.24264     0.00977182   0.0102249  0.00313189
      4.4312     0.00201329  0.00684786  0.00331989
     4.61976     0.00031918  0.00197758  0.00140278
     4.80833    0.000417389  0.00231685  0.00130448
     4.99689      0.0155171  0.00475422   0.0022261
     5.18545     0.00348643  0.00257353  0.00130233
     5.37401              0 0.000408461 0.000263763
     5.56257              0           0           0


   0.0942809     0.00537696  0.00503118  0.00173565
    0.282843      0.0206239   0.0302525  0.00306717
    0.471405      0.0569123   0.0827986  0.00908349
    0.659966       0.199537    0.172247   0.0155607
    0.848528       0.269904    0.271232   0.0217348
     1.03709       0.329099    0.320109   0.0181143
     1.22565        0.53664    0.438288   0.0241717
     1.41421       0.584124    0.504014    0.023238
     1.60278       0.493796    0.527883   0.0248616
     1.79134       0.552501    0.487979    0.016804
      1.9799        0.46399    0.463137   0.0255891
     2.16846       0.538432    0.377132   0.0220485
     2.35702       0.255295    0.308342    0.012197
     2.54558       0.218982    0.321294   0.0340367
     2.73415       0.221879    0.276269   0.0165843
     2.92271       0.208351    0.203758   0.0164988
     3.11127      0.0729695    0.163209   0.0155229
     3.29983      0.0652601    0.113554   0.0126465
     3.48839      0.0591711   0.0847239  0.00980319
     3.67696      0.0695322   0.0617552  0.00659103
     3.86552      0.0293155   0.0370965  0.00462325
     4.05408      0.0405604   0.0255978  0.00558381
     4.24264     0.00800406   0.0100399  0.00287636
      4.4312     0.00304449  0.00653092  0.00305832
     4.61976              0  0.00181278  0.00129552
     4.80833              0  0.00212378  0.00120997
     4.99689              0  0.00435804  0.00207555
     5.18545              0  0.00235907  0.00121133
     5.37401              0 0.000374423 0.000243969
     5.56257              0           0           0


   0.0942809    0.000147314   0.0046555  0.00164229
    0.282843      0.0164255   0.0291889  0.00301001
    0.471405      0.0342259   0.0790622  0.00912089
    0.659966       0.140734    0.169823   0.0145513
    0.848528       0.328387    0.275628   0.0205028
     1.03709       0.474719    0.332002   0.0202522
     1.22565       0.601581    0.450849    0.025367
     1.41421       0.627238    0.513493   0.0233036
     1.60278       0.544693    0.529176   0.0229828
     1.79134       0.458097    0.485681   0.0156678
      1.9799       0.503273    0.466224   0.0238062
     2.16846       0.333543    0.373779   0.0206058
     2.35702        0.16838    0.297576   0.0152891
     2.54558       0.264478    0.316923   0.0316978
     2.73415       0.159836    0.267312   0.0175613
     2.92271       0.180631    0.201979   0.0153252
     3.11127       0.115052    0.159505   0.0147642
     3.29983       0.163518    0.117398   0.0122438
     3.48839       0.031206   0.0806072  0.00987574
     3.67696      0.0604478   0.0616546  0.00608479
     3.86552      0.0470668   0.0378635  0.00433076
     4.05408      0.0474596   0.0272795  0.00540159
     4.24264      0.0021606  0.00943376  0.00271821
      4.4312              0  0.00602854  0.00286403
     4.61976              0  0.00167333  0.00120335
     4.80833              0  0.00196041  0.00112787
     4.99689              0   0.0040228  0.00194277
     5.18545              0   0.0021776  0.00113166
     5.37401              0 0.000345621 0.000226896
     5.56257              0           0           0


   0.0942809     0.00171866  0.00444572  0.00153832
    0.282843       0.025117   0.0288981  0.00280902
    0.471405       0.157822    0.084688   0.0100558
    0.659966       0.274937    0.177331    0.015327
    0.848528       0.369365    0.282324   0.0201019
     1.03709       0.434478    0.339322   0.0200849
     1.22565       0.469465    0.452178   0.0235899
     1.41421       0.563869    0.517091   0.0219151
     1.60278       0.383016    0.518736   0.0235935
     1.79134       0.536542    0.489314   0.0149639
      1.9799       0.488591    0.467822   0.0221593
     2.16846        0.39102     0.37501   0.0191707
     2.35702       0.225415    0.292422   0.0150408
     2.54558       0.102997    0.301643   0.0329113
     2.73415      0.0974482    0.255179   0.0200652
     2.92271       0.177145    0.200205   0.0143329
     3.11127       0.162635    0.159729   0.0137113
     3.29983       0.130888    0.118361   0.0114071
     3.48839      0.0796477   0.0805386  0.00917057
     3.67696       0.120355   0.0658476  0.00694616
     3.86552      0.0748355   0.0405043  0.00475897
     4.05408      0.0242822   0.0270654     0.00502
     4.24264     0.00213605  0.00891249  0.00257355
      4.4312    0.000564703  0.00563826  0.00268592
     4.61976    0.000687465  0.00160292  0.00111945
     4.80833     0.00832324   0.0024149  0.00113519
     4.99689              0  0.00373546  0.00182513
     5.18545              0  0.00202206  0.00106146
     5.37401              0 0.000320934 0.000212028
     5.56257              0           0           0


   0.0942809     0.00252889  0.00431793  0.00144107
    0.282843      0.0561512    0.030715  0.00315508
    0.471405       0.144417   0.0886699   0.0101432
    0.659966       0.224138    0.180451   0.0146194
    0.848528       0.317412    0.284663   0.0188974
     1.03709       0.398484    0.343266   0.0191292
     1.22565       0.465684    0.453079   0.0220344
     1.41421       0.593184    0.522164    0.021033
     1.60278       0.487683    0.516666   0.0221112
     1.79134       0.416898    0.484486   0.0147245
      1.9799       0.423405    0.464861   0.0208789
     2.16846       0.459546    0.380646   0.0187027
     2.35702       0.270444    0.290956   0.0141093
     2.54558       0.195584    0.294572   0.0314676
     2.73415       0.154753    0.248484   0.0198131
     2.92271       0.104863    0.193849   0.0147194
     3.11127       0.257677    0.166258   0.0142676
     3.29983       0.124701    0.118784   0.0106545
     3.48839      0.0482944    0.078389  0.00880753
     3.67696       0.112818   0.0689789  0.00715416
     3.86552      0.0100419   0.0384735  0.00485572
     4.05408     0.00390382   0.0255213  0.00491708
     4.24264    0.000589256  0.00835761  0.00246107
      4.4312     0.00680099  0.00571578  0.00250798
     4.61976      0.0142894  0.00244868  0.00132638
     4.80833     0.00778309  0.00277278   0.0011145
     4.99689     0.00122762  0.00356827   0.0017111
     5.18545              0  0.00188725 0.000999222
     5.37401              0 0.000299538 0.000198969
     5.56257              0           0           0


   0.0942809     0.00073657   0.0040941  0.00136827
    0.282843      0.0518299   0.0320346  0.00322209
    0.471405       0.100247   0.0893935  0.00953502
    0.659966        0.28655    0.187083   0.0151351
    0.848528       0.268455     0.28365   0.0177434
     1.03709       0.252324    0.337582   0.0187591
     1.22565       0.577127    0.460832   0.0219789
     1.41421       0.513291    0.521609   0.0197257
     1.60278       0.539439    0.518089    0.020775
     1.79134       0.475063    0.483897    0.013816
      1.9799       0.417684    0.461912   0.0197811
     2.16846       0.411153    0.382553   0.0176307
     2.35702        0.26492    0.289329    0.013321
     2.54558       0.322274    0.296304   0.0295485
     2.73415       0.211101    0.246148    0.018712
     2.92271       0.116476    0.189013   0.0145721
     3.11127       0.208228    0.168882   0.0136149
     3.29983         0.1193    0.118816  0.00998861
     3.48839      0.0577225   0.0770974  0.00835124
     3.67696      0.0439978   0.0674176  0.00687529
     3.86552      0.0104838   0.0367241  0.00485715
     4.05408     0.00579435   0.0242884  0.00476183
     4.24264              0  0.00783526  0.00236204
      4.4312              0  0.00535854  0.00237653
     4.61976      0.0491046  0.00536468   0.0030851
     4.80833              0  0.00259948  0.00105823
     4.99689              0  0.00334525  0.00161862
     5.18545              0   0.0017693 0.000943707
     5.37401              0 0.000280817 0.000187412
     5.56257              0           0           0


   0.0942809     0.00331456  0.00404824  0.00128855
    0.282843      0.0238894   0.0315555  0.00306797
    0.471405      0.0894686   0.0893979  0.00897414
    0.659966       0.180435    0.186691   0.0142498
    0.848528       0.274544    0.283114   0.0167078
     1.03709       0.455249    0.344504   0.0188894
     1.22565       0.511277    0.463799   0.0208854
     1.41421       0.440272    0.516825   0.0191369
     1.60278       0.436319    0.513279   0.0201021
     1.79134       0.524855    0.486306   0.0132117
      1.9799       0.478377    0.462881   0.0186412
     2.16846       0.330081    0.379466   0.0168616
     2.35702       0.339829      0.2923   0.0128643
     2.54558       0.315816    0.297451   0.0278326
     2.73415        0.17852     0.24217   0.0180292
     2.92271       0.256621     0.19299   0.0142473
     3.11127       0.225685    0.172223   0.0132177
     3.29983       0.152936    0.120823  0.00960057
     3.48839      0.0278178   0.0741986  0.00834794
     3.67696      0.0267375   0.0650246  0.00687469
     3.86552     0.00471405   0.0348412   0.0049229
     4.05408     0.00434576   0.0231153  0.00462396
     4.24264     0.00272531  0.00753467  0.00224214
      4.4312     0.00127672  0.00511844  0.00224883
     4.61976     0.00878973  0.00556616   0.0029102
     4.80833     0.00522964  0.00275419  0.00100723
     4.99689     0.00417389    0.003394  0.00152414
     5.18545              0  0.00166522 0.000893916
     5.37401              0 0.000264298 0.000177114
     5.56257              0           0           0


   0.0942809    0.000589256  0.00385608  0.00123121
    0.282843     0.00883883   0.0302935  0.00314641
    0.471405      0.0826922   0.0890253   0.0084833
    0.659966       0.248715    0.190137   0.0138685
    0.848528        0.24049    0.280746   0.0159465
     1.03709       0.374423    0.346166    0.017913
     1.22565        0.46124    0.463657   0.0197256
     1.41421        0.51113    0.516508   0.0180763
     1.60278       0.495564    0.512295   0.0190094
     1.79134       0.573567    0.491154   0.0133375
      1.9799       0.520828      0.4661   0.0178814
     2.16846       0.374226    0.379175   0.0159274
     2.35702       0.329787    0.294382   0.0123171
     2.54558       0.270959     0.29598   0.0263252
     2.73415       0.149916    0.237044   0.0177411
     2.92271       0.217018    0.194325   0.0135182
     3.11127       0.111517     0.16885   0.0129065
     3.29983       0.100149    0.119675  0.00913565
     3.48839      0.0838216   0.0747332  0.00790127
     3.67696      0.0469195   0.0640188  0.00656594
     3.86552      0.0764068   0.0371504  0.00516266
     4.05408       0.018537   0.0228609  0.00437407
     4.24264     0.00596621  0.00744754  0.00211927
      4.4312              0  0.00483408   0.0021418
     4.61976              0  0.00525692   0.0027649
     4.80833              0  0.00260118 0.000962824
     4.99689              0  0.00320544  0.00145108
     5.18545              0  0.00157271 0.000849027
     5.37401              0 0.000249615 0.000167882
     5.56257              0           0           0


   0.0942809              0  0.00365313  0.00118302
    0.282843      0.0153452   0.0295067   0.0030776
    0.471405       0.090819   0.0891197  0.00803734
    0.659966       0.205601    0.190951   0.0131625
    0.848528       0.257161    0.279505   0.0151554
     1.03709       0.288956    0.343155   0.0172214
     1.22565       0.544939    0.467935   0.0191457
     1.41421       0.570964    0.519375   0.0173507
     1.60278        0.43627    0.508294   0.0184252
     1.79134       0.550488    0.494277    0.012996
      1.9799       0.501972    0.467988   0.0170397
     2.16846       0.415916    0.381109    0.015206
     2.35702       0.480464    0.304176   0.0150676
     2.54558       0.280142    0.295146   0.0249529
     2.73415       0.215864     0.23593   0.0168423
     2.92271      0.0637869    0.187454   0.0144475
     3.11127        0.11601    0.166069   0.0125232
     3.29983       0.142109    0.120856   0.0087308
     3.48839      0.0396029   0.0728842  0.00769871
     3.67696      0.0520264   0.0633876  0.00625062
     3.86552      0.0279405   0.0366657  0.00491365
     4.05408     0.00692375   0.0220221  0.00422351
     4.24264              0  0.00705556  0.00204366
      4.4312              0  0.00457965  0.00204413
     4.61976              0  0.00498024  0.00263319
     4.80833              0  0.00246428  0.00092183
     4.99689              0  0.00303673  0.00138448
     5.18545              0  0.00148994 0.000808367
     5.37401              0 0.000236478  0.00015956
     5.56257              0           0           0


   0.0942809      0.0246014  0.00470054  0.00151832
    0.282843       0.047877   0.0304252  0.00305772
    0.471405      0.0990686   0.0896172  0.00765085
    0.659966       0.189298    0.190868   0.0125046
    0.848528       0.239262    0.277493   0.0145306
     1.03709       0.239336    0.337964   0.0171248
     1.22565       0.615698    0.475323    0.019562
     1.41421       0.513512    0.519081   0.0164856
     1.60278        0.46313    0.506036   0.0176418
     1.79134       0.475848    0.493356   0.0123788
      1.9799       0.673593    0.478268   0.0190379
     2.16846        0.36853     0.38048   0.0144587
     2.35702       0.300741    0.304004   0.0143152
     2.54558       0.302239    0.295501   0.0237078
     2.73415       0.229294    0.235598   0.0160035
     2.92271       0.174763     0.18682    0.013739
     3.11127      0.0750319    0.161517   0.0126974
     3.29983       0.112474    0.120436  0.00830431
     3.48839      0.0779045   0.0731352  0.00731787
     3.67696      0.0301502   0.0617258  0.00615505
     3.86552      0.0296101   0.0363129  0.00468061
     4.05408      0.0189789     0.02187  0.00401508
     4.24264     0.00235702  0.00682063  0.00195493
      4.4312              0  0.00435067  0.00195471
     4.61976              0  0.00473123  0.00251327
     4.80833              0  0.00234106 0.000883935
     4.99689              0   0.0028849  0.00132356
     5.18545              0  0.00141544 0.000771373
     5.37401              0 0.000224654 0.000152019
     5.56257              0           0           0


