#         T:            mu:         sigma:             H:           err:
           2       0.365139        1.11082      -0.124506      0.0166445
        1.98       0.562137        1.21286       0.308478      0.0326597
      1.9602       0.408711       0.977611      -0.251968      0.0102235
      1.9406        1.09609       0.546688     -0.0751255     0.00789874
     1.92119       0.395472       0.976394      -0.252846     0.00749288
     1.90198      0.0449362       0.896872      -0.205169     0.00511727
     1.88296        1.04181       0.493289     -0.0672328     0.00538773
     1.86413        1.06722       0.304484        1.31261      0.0235733
     1.84549       0.635803        1.19666       0.326474      0.0373167
     1.82703        1.11573       0.658853      0.0409209      0.0130854
     1.80876       0.135026       0.978109      -0.255731     0.00617427
     1.79068      0.0176702        1.51612        1.32375      0.0655563
     1.77277        0.12694        0.89337      -0.208118     0.00547864
     1.75504        1.31717       0.764648        1.47062      0.0387844
     1.73749       0.291815       0.597413       0.149915     0.00708352
     1.72012       0.359883       0.532264       0.159081      0.0068981
     1.70292       0.391632       0.319738       0.739144      0.0146838
     1.68589      0.0314409       0.941223      -0.228844      0.0066022
     1.66903       0.954975        1.36767        2.65754      0.0974096
     1.65234       0.210001        1.62684        2.28724       0.109989
     1.63581       0.573474       0.851824      -0.275833     0.00859897
     1.61946        1.08054       0.499412      -0.020509     0.00668774
     1.60326        0.25006       0.862907      -0.218405     0.00497996
     1.58723       0.827031       0.689678      -0.406599     0.00500632
     1.57136        1.17695       0.623093       0.195998      0.0152172
     1.55564       0.520698        1.27509       0.462803      0.0396462
     1.54009         0.3031        1.11743      -0.150013      0.0167615
     1.52469       0.755971        1.59613        3.50312       0.124798
     1.50944       0.549608        1.19224       0.178931      0.0247605
     1.49434       0.488527        1.51524        1.77629      0.0798638
      1.4794        1.00553       0.573943      -0.262061     0.00424068
     1.46461        1.05211       0.549961      -0.147073     0.00509675
     1.44996       0.721816        1.12425       0.322463      0.0288415
     1.43546       0.620988         1.0286     -0.0383884      0.0264036
     1.42111       0.766743        1.29526        1.27843      0.0665738
      1.4069       0.464846       0.734986      -0.228931     0.00462571
     1.39283       0.347218        0.56225       0.121086      0.0071501
      1.3789       0.905134       0.857596     -0.0713865      0.0148186
     1.36511        1.20788       0.632856       0.358068      0.0166994
     1.35146       0.486027        1.27154       0.426919      0.0373039
     1.33794       0.660675         1.2489       0.638463      0.0488222
     1.32456        0.58667        1.09721    -0.00644656      0.0217279
     1.31132       0.759198       0.930173      -0.113541      0.0167508
     1.29821       0.863443        1.13563       0.742325      0.0394166
     1.28522       0.231797       0.760153      -0.102992     0.00551571
     1.27237        1.34979       0.312885        1.70787       0.022765
     1.25965       0.957064        0.53331      -0.286565     0.00386614
     1.24705       0.558494        1.42892        1.35417      0.0612648
     1.23458        0.50057       0.701536      -0.238389      0.0040028
     1.22223       0.901962        1.13514       0.960442      0.0480175
     1.21001       0.662734        1.17098       0.348686      0.0409824
     1.19791       0.444835       0.393893       0.259972      0.0097776
     1.18593       0.114207       0.663818       0.130935     0.00715286
     1.17407        1.18212       0.660668       0.315394      0.0140299
     1.16233       0.592317        1.25962       0.514701      0.0320792
     1.15071       0.580983       0.696123      -0.315948     0.00367615
      1.1392        1.05959       0.947325       0.754605      0.0314305
     1.12781       0.337166       0.943293      -0.265605     0.00620982
     1.11653       0.160985        1.40103       0.570176      0.0495006
     1.10537        1.47613       0.719959        2.63545       0.053102
     1.09431       0.467942        1.05784      -0.140433       0.014512
     1.08337      0.0374514        0.54094       0.537166      0.0106566
     1.07254       0.574943       0.861425      -0.268633     0.00856729
     1.06181       0.369281       0.938561      -0.254328     0.00775964
     1.05119         1.3246       0.863643        2.02003      0.0484978
     1.04068        1.17016       0.548186        0.14149      0.0101383
     1.03027       0.577302       0.378806       0.329658      0.0124672
     1.01997      0.0579215       0.994539      -0.247146      0.0070274
     1.00977        0.51115       0.455635     -0.0237394     0.00833034
    0.999674     0.00866489        1.11567      -0.208447      0.0137518
    0.989677       0.340922       0.718457      -0.111047     0.00543754
    0.979781       0.229528       0.984895      -0.256803     0.00672405
    0.969983         0.4386        1.79294        4.57587       0.166806
    0.960283       0.948809        1.02168       0.543183      0.0266849
     0.95068       0.629587       0.833789      -0.291532     0.00811472
    0.941173       0.904054       0.785589      -0.219117      0.0108923
    0.931762       0.892219       0.775146      -0.223975      0.0117674
    0.922444       0.745809        1.02892      0.0910526      0.0213857
    0.913219       0.255456       0.914648      -0.244651     0.00521971
    0.904087       0.868056       0.965541       0.196434      0.0262937
    0.895046        0.84639        1.12914       0.779244      0.0440199
    0.886096       0.697799       0.625429      -0.410663     0.00219614
    0.877235        0.70045       0.594731      -0.410561     0.00259965
    0.868463      0.0693102        1.20067     -0.0618332      0.0219345
    0.859778       0.950174       0.471251      -0.103306      0.0069102
     0.85118       0.526769        1.17502       0.138391      0.0280481
    0.842668       0.432297       0.999614       -0.20899      0.0149974
    0.834242       0.317509        1.24553      0.0975144      0.0272793
    0.825899       0.577864       0.816528      -0.292229     0.00833851
     0.81764       0.447498        1.15512     0.00867049      0.0242308
    0.809464        1.03203       0.909107       0.517971      0.0305948
    0.801369        0.45831       0.632498      -0.141377      0.0046254
    0.793356       0.388834       0.918585      -0.264593     0.00579481
    0.785422       0.225372        1.52116         1.3554      0.0758739
    0.777568       0.414355        0.76538      -0.208554     0.00399784
    0.769792       0.666716       0.458372      -0.140329     0.00861696
    0.762094       0.657477       0.607708       -0.37359     0.00280716
    0.754473       0.302181        0.87265      -0.227616      0.0055796
    0.746929       0.374269           1.15     -0.0284642       0.024551
    0.739459      0.0361226       0.582161       0.407864     0.00836326
    0.732065        1.38032       0.500705        1.01297      0.0155416
    0.724744       0.950988        0.61474      -0.354072     0.00430956
    0.717497       0.150755        1.10677       -0.18844      0.0152273
    0.710322       0.800325       0.872107      -0.154468      0.0145333
    0.703218       0.399908       0.506415       0.127405     0.00643328
    0.696186     0.00157479        1.25098      0.0649228      0.0214243
    0.689224       0.566118       0.774071      -0.303736     0.00407825
    0.682332      0.0651776       0.930535      -0.232293     0.00657297
    0.675509        1.24952       0.844038        1.36592      0.0359294
    0.668754       0.606943        0.76418      -0.327309     0.00377299
    0.662066       0.644721       0.734397      -0.352434     0.00423217
    0.655446       0.439223       0.837926      -0.254647     0.00529769
    0.648891       0.611247       0.815337      -0.315034     0.00604128
    0.642402      0.0272492        1.13259      -0.188404      0.0148387
    0.635978       0.741759       0.790764       -0.32778     0.00674177
    0.629618       0.400028       0.937276      -0.254764     0.00766314
    0.623322       0.568175       0.745889      -0.310396     0.00469129
    0.617089       0.869551       0.712209       -0.36151     0.00636609
    0.610918       0.162098         1.3956       0.664463      0.0492834
    0.604809       0.684316       0.603481      -0.397376      0.0025734
    0.598761       0.739328       0.970477     -0.0543306      0.0165151
    0.592773       0.405725       0.854487      -0.257221     0.00515685
    0.586845       0.452237        1.13911    0.000837722      0.0238271
    0.580977       0.858074       0.693172      -0.384385     0.00713308
    0.575167       0.154959        1.14609      -0.168695      0.0136768
    0.569416       0.458074       0.939462       -0.26342     0.00714471
    0.563721      0.0225309       0.572656       0.443087     0.00717692
    0.558084       0.171686        0.91407      -0.228369     0.00563985
    0.552503       0.452743       0.694226      -0.195701     0.00463819
    0.546978       0.546772       0.391193       0.220553      0.0118149
    0.541509        1.01398       0.608983      -0.247376     0.00670825
    0.536093        1.03278       0.928399       0.568097       0.028529
    0.530732       0.450746        1.08265      -0.111414      0.0239159
    0.525425       0.397398        1.11121      -0.102556      0.0176527
    0.520171        1.11862       0.762599       0.336717      0.0199242
    0.514969       0.581224       0.950504       -0.20703      0.0126305
     0.50982         1.4151       0.268497        2.79758      0.0282533
    0.504721       0.787458       0.855531      -0.195207      0.0141605
    0.499674       0.608511       0.756186      -0.325514     0.00436946
    0.494677        1.10008       0.470419      0.0778856     0.00645647
    0.489731        0.24164        1.00512      -0.250487      0.0093523
    0.484833       0.728389       0.803622      -0.305608     0.00909512
    0.479985        1.02586       0.608232      -0.233587     0.00693117
    0.475185       0.526442       0.897007      -0.269296     0.00789585
    0.470433       0.278082       0.916248       -0.23897     0.00637389
    0.465729       0.785095       0.540709      -0.390617     0.00412936
    0.461072       0.110564        1.05965      -0.231757     0.00963827
    0.456461      0.0111094        1.29997       0.127549      0.0209141
    0.451896       0.527631       0.816674      -0.294527     0.00495452
    0.447377        0.73647       0.820486      -0.287822     0.00914746
    0.442904       0.776587       0.722713      -0.393059     0.00463871
    0.438475        1.15273       0.401499       0.451818     0.00966125
     0.43409       0.209905          1.095      -0.216188      0.0115867
    0.429749       0.842116       0.617443      -0.440905     0.00249559
    0.425451       0.891311       0.596703      -0.403001     0.00379634
    0.421197        0.35822       0.296616       0.944835      0.0170841
    0.416985       0.269311        1.11494      -0.140132       0.019618
    0.412815       0.630232       0.742679      -0.334029     0.00504322
    0.408687       0.307808       0.995768      -0.249589     0.00911072
      0.4046       0.446879       0.992048      -0.209196      0.0130779
    0.400554       0.694783       0.863707      -0.262186     0.00993829
    0.396549       0.210685        1.05802      -0.232165       0.011163
    0.392583      0.0627105         1.3192       0.188866      0.0316416
    0.388657       0.348247       0.795029      -0.196853     0.00460506
    0.384771       0.357654        1.23342       0.123018      0.0278693
    0.380923      0.0404652         1.3266       0.287342       0.026863
    0.377114       0.748693        1.12532       0.382056      0.0321813
    0.373343       0.403135        1.03621      -0.190605      0.0130371
    0.369609       0.227314       0.968584      -0.246613     0.00666637
    0.365913        0.90862       0.678163      -0.361247     0.00585528
    0.362254        0.29587       0.587361        0.14084     0.00715574
    0.358631       0.356329       0.934003      -0.246797     0.00747665
    0.355045       0.755678       0.644541      -0.434675     0.00207606
    0.351495       0.940777        0.50031      -0.211902     0.00489219
     0.34798       0.385516       0.826999      -0.228911     0.00447694
      0.3445      0.0233627        1.03829      -0.242998      0.0102299
    0.341055       0.531361        1.07266      -0.065044       0.016674
    0.337644       0.824603       0.523616      -0.348404     0.00452386
    0.334268       0.254565       0.491523       0.465448      0.0090137
    0.330925       0.507536       0.691467      -0.243776     0.00476012
    0.327616       0.382933       0.839971      -0.228878     0.00656005
     0.32434       0.700073       0.639065       -0.40625     0.00284799
    0.321096       0.502856       0.888206      -0.273159     0.00705094
    0.317885       0.770644       0.442727     -0.0427374     0.00837514
    0.314707       0.470353       0.511585     -0.0389469     0.00566842
    0.311559       0.747866       0.820252      -0.285933     0.00960598
    0.308444       0.101359       0.799901      -0.115212     0.00554085
    0.305359       0.151926        0.78655      -0.105823     0.00548521
    0.302306       0.702641       0.802718      -0.316699     0.00833207
    0.299283       0.349632       0.296041       0.981695      0.0168634
     0.29629       0.979837       0.505511      -0.187786     0.00519704
    0.293327       0.859752       0.728998      -0.336191     0.00763981
    0.290394       0.301136       0.526438       0.283218     0.00703512
     0.28749       0.180501        1.17825     -0.0995808      0.0201077
    0.284615       0.935364       0.533724      -0.298091      0.0036598
    0.281769       0.698515        1.04707      0.0306504      0.0216079
    0.278951       0.323554       0.745003      -0.135503      0.0055366
    0.276162       0.957653       0.691093      -0.276161     0.00788895
      0.2734       0.781558       0.615812      -0.442564     0.00290285
    0.270666       0.898958       0.720161      -0.288251      0.0095305
    0.267959       0.979193       0.619159      -0.313379     0.00571529
     0.26528        1.04664       0.414339        0.26521     0.00984867
    0.262627       0.262574        1.05082      -0.209408      0.0133646
    0.260001       0.396369        1.17399      0.0409526      0.0235315
    0.257401       0.133237       0.811477      -0.136211     0.00542233
    0.254827       0.200207         1.3564       0.411506       0.041531
    0.252278      0.0115535        1.06544      -0.235106      0.0104285
    0.249756      0.0429146       0.772106     -0.0711872     0.00550628
    0.247258       0.653823       0.863578      -0.275316     0.00888375
    0.244785       0.458659       0.885967      -0.263919     0.00669998
    0.242338       0.935132       0.593701      -0.370932     0.00383407
    0.239914       0.705158       0.702106      -0.386244     0.00412852
    0.237515       0.546059       0.524253      -0.181455     0.00475033
     0.23514       0.406549       0.585592    -0.00987625     0.00548448
    0.232789       0.176367       0.833724      -0.158935     0.00489768
    0.230461       0.223707        1.11661      -0.167033      0.0141262
    0.228156       0.618007        1.01936      -0.100873      0.0184836
    0.225875        1.04624       0.816118       0.181486      0.0163514
    0.223616       0.500486        1.09855       -0.03515      0.0226668
     0.22138        0.60699       0.737212      -0.326389     0.00447756
    0.219166       0.647421       0.749314      -0.347803     0.00428489
    0.216974       0.218177       0.978798      -0.253131     0.00670264
    0.214804       0.607432       0.824944      -0.297309     0.00753374
    0.212656       0.735751       0.828451      -0.285104     0.00923473
     0.21053        0.55225       0.870701      -0.285127     0.00636147
    0.208425       0.755566       0.662195      -0.431041     0.00323022
     0.20634       0.708093       0.617451      -0.414824     0.00238261
    0.204277       0.507086       0.831911      -0.281139     0.00486198
    0.202234       0.447433       0.695788      -0.182834     0.00455131
    0.200212       0.626346       0.528271      -0.292222     0.00489183
     0.19821       0.999853       0.637457       -0.27734     0.00564144
    0.196228       0.547026       0.815394      -0.282818     0.00815294
    0.194265       0.550298       0.903887      -0.268001     0.00862092
    0.192323       0.362031        1.17283      -0.028757      0.0177534
    0.190399       0.650047       0.694821      -0.363052     0.00425153
    0.188495       0.653113       0.746943      -0.344539     0.00454735
     0.18661        0.83479       0.589618      -0.434411     0.00303308
    0.184744     0.00782843       0.793604     -0.0927736     0.00592062
    0.182897       0.435347       0.540357    -0.00459198     0.00560127
    0.181068        0.84942       0.628758      -0.432682       0.003262
    0.179257       0.710265       0.670003      -0.402557      0.0041504
    0.177465       0.633974       0.550997      -0.317698     0.00421998
     0.17569       0.251482        1.05571      -0.236385      0.0111119
    0.173933        0.14795        1.05221      -0.225396      0.0112116
    0.172194       0.466631        0.84062      -0.275513     0.00559061
    0.170472       0.451707       0.615283      -0.128298     0.00514061
    0.168767       0.295948        0.99715      -0.243928     0.00958276
    0.167079      0.0859399        1.13687       -0.17453      0.0277538
    0.165409       0.228985       0.880657      -0.214308     0.00542994
    0.163755       0.130664       0.988617      -0.252735     0.00738443
    0.162117       0.186896         1.1318      -0.172364      0.0124347
    0.160496       0.712793       0.850552      -0.278446      0.0095198
    0.158891       0.890803       0.733325      -0.295835     0.00842562
    0.157302       0.807475        0.76408      -0.325347     0.00967571
    0.155729       0.501173       0.897733      -0.268733     0.00772593
    0.154172       0.750826       0.613671      -0.435543     0.00231064
     0.15263       0.656899       0.889305      -0.246502      0.0108754
    0.151104       0.761592       0.870409      -0.185698      0.0132706
    0.149593       0.359637        1.14074     -0.0536663       0.020359
    0.148097       0.836942       0.712847      -0.367802     0.00701224
    0.146616       0.774131        0.59333       -0.43519     0.00221291
     0.14515       0.508049       0.629461      -0.205967     0.00391096
    0.143698       0.636588       0.708442       -0.35303      0.0038143
    0.142261       0.746255       0.495268      -0.289911     0.00758609
    0.140838       0.703871       0.667332      -0.405722     0.00263121
     0.13943       0.926281       0.580064      -0.373148     0.00331502
    0.138036       0.744004       0.697765      -0.405695      0.0047456
    0.136655       0.678426       0.688024      -0.380318     0.00318466
    0.135289       0.450215        1.14544     -0.0193032      0.0235845
    0.133936       0.481532       0.728405      -0.239654     0.00396358
    0.132597       0.614954       0.698184       -0.33724     0.00340294
    0.131271       0.462468       0.667454      -0.183172     0.00455158
    0.129958       0.881072       0.522367      -0.318289     0.00443591
    0.128658       0.555632       0.745436      -0.300967     0.00428547
    0.127372       0.646791        0.54748      -0.334556     0.00338997
    0.126098       0.643738       0.523058      -0.296558     0.00448419
    0.124837       0.756822       0.572791      -0.422766     0.00264632
    0.123589       0.973436       0.615597      -0.317729     0.00508965
    0.122353       0.929692       0.658068      -0.346128     0.00665471
    0.121129       0.714689       0.653072      -0.416906     0.00259398
    0.119918        1.02775       0.588969       -0.23631     0.00551715
    0.118719        0.85117       0.733631      -0.343984     0.00757418
    0.117532        0.62441       0.676299      -0.347809      0.0028609
    0.116356       0.673442       0.789262      -0.331264     0.00625532
    0.115193       0.226263       0.862959      -0.203314     0.00571681
    0.114041       0.603668       0.927535      -0.228705      0.0110543
      0.1129       0.919141       0.692105      -0.327814     0.00784847
    0.111771       0.843477       0.584869      -0.429554     0.00256709
    0.110654       0.875308        0.65057      -0.405297     0.00481477
    0.109547       0.822738       0.772955       -0.30616     0.00998033
    0.108452       0.522793       0.677015      -0.255307     0.00336668
    0.107367       0.617371       0.703809      -0.346415     0.00333055
    0.106294       0.737504       0.549515      -0.400131     0.00414729
    0.105231       0.752256       0.557124      -0.409202     0.00358762
    0.104178       0.711001        0.54644      -0.373685     0.00350283
    0.103137       0.734687        0.86083      -0.239105      0.0107902
    0.102105       0.482106       0.864679      -0.277762     0.00545328
    0.101084       0.229473       0.927187      -0.237326     0.00511618
    0.100073       0.226614        1.13372       -0.14238      0.0184162
   0.0990725       0.508897       0.784982      -0.281267     0.00460097
   0.0980818       0.615654       0.540424      -0.292703     0.00422689
    0.097101        0.87688        0.71796      -0.352126     0.00762711
     0.09613        0.70554       0.633911       -0.40927      0.0024085
   0.0951687       0.633647       0.559252      -0.323317      0.0033853
    0.094217        0.31528        1.06485      -0.214972      0.0118314
   0.0932748       0.139564        1.08994      -0.227317       0.011259
   0.0923421       0.225655        1.00728      -0.243574      0.0100356
   0.0914186       0.351175       0.978014      -0.257483     0.00786824
   0.0905044       0.609171       0.954512       -0.20749      0.0117884
   0.0895994       0.697276       0.713137      -0.387562     0.00403726
   0.0887034       0.702579       0.607206      -0.409955     0.00228906
   0.0878164       0.790757       0.570762      -0.423935     0.00368536
   0.0869382        0.65616       0.549608        -0.3401     0.00358798
   0.0860688       0.848684       0.718554      -0.381029     0.00661234
   0.0852081        0.54441       0.791378      -0.299026      0.0047799
   0.0843561       0.789959       0.719733      -0.390197     0.00536554
   0.0835125       0.927308       0.611757      -0.376789     0.00443418
   0.0826774       0.783102       0.541794      -0.389576     0.00400901
   0.0818506       0.517935       0.594027       -0.19471     0.00440969
   0.0810321       0.708557       0.573704      -0.404407     0.00280292
   0.0802218       0.707446       0.810496      -0.306373     0.00819502
   0.0794196       0.662593       0.509071      -0.281458     0.00511526
   0.0786254       0.640194       0.513904      -0.282001      0.0048139
   0.0778391       0.635074       0.674853      -0.359875     0.00291663
   0.0770607        0.72696        0.82873      -0.267627      0.0130307
   0.0762901       0.490006       0.603952      -0.158887     0.00468557
   0.0755272       0.839389        0.50326       -0.29481     0.00487233
   0.0747719       0.822961       0.664042      -0.425941     0.00400093
   0.0740242       0.651111       0.738605      -0.349917     0.00445963
    0.073284       0.886954       0.645057      -0.407263     0.00466027
   0.0725511       0.787534       0.596856      -0.440468     0.00230205
   0.0718256       0.638261       0.929909      -0.211057      0.0109163
   0.0711074       0.816973       0.691661      -0.408967     0.00461998
   0.0703963       0.803919       0.710887      -0.386932     0.00528926
   0.0696923       0.639568       0.645833      -0.365051     0.00266487
   0.0689954       0.829097       0.572415      -0.431824     0.00307464
   0.0683055       0.595593       0.611867      -0.307243      0.0037082
   0.0676224       0.745439       0.677732      -0.419256     0.00348524
   0.0669462       0.881167       0.631654      -0.420867     0.00338792
   0.0662767       0.777477       0.652458      -0.433518     0.00304968
   0.0656139       0.760692       0.737554      -0.380489     0.00497409
   0.0649578       0.835903       0.642262      -0.432654     0.00332869
   0.0643082       0.781392       0.656986      -0.436311     0.00362054
   0.0636651       0.688313       0.656285      -0.398266     0.00244032
   0.0630285       0.681673       0.695264      -0.384259     0.00350837
   0.0623982       0.509239       0.820611      -0.286697     0.00553417
   0.0617742       0.692791       0.825472      -0.301545     0.00944472
   0.0611565        0.80151       0.744179      -0.344413     0.00755882
   0.0605449       0.860011       0.677098       -0.40262     0.00534097
   0.0599395       0.687196       0.654338      -0.403967     0.00275302
   0.0593401       0.674626       0.724183      -0.368727     0.00408068
   0.0587467       0.680752       0.654971      -0.392931     0.00218905
   0.0581592       0.829522        0.63169      -0.435007     0.00302205
   0.0575776       0.552331       0.651678       -0.26764     0.00377443
   0.0570018       0.625711       0.706942      -0.349746     0.00306615
   0.0564318       0.647772       0.709873      -0.367814     0.00312443
   0.0558675       0.713987       0.699875      -0.396983     0.00342342
   0.0553088       0.638571        0.86055      -0.288872     0.00826276
   0.0547557       0.802035        0.70536      -0.399963     0.00563325
   0.0542082       0.825776       0.762409      -0.320895     0.00863862
   0.0536661       0.840176       0.657082      -0.433145     0.00393568
   0.0531294       0.828721       0.632873       -0.44514     0.00296602
   0.0525981       0.704005       0.682909      -0.399576     0.00308131
   0.0520722       0.851883       0.662664      -0.412014     0.00511187
   0.0515514       0.881504       0.584324      -0.412285     0.00320842
   0.0510359       0.650525       0.799619      -0.319088     0.00591087
   0.0505256        0.64652       0.741605      -0.343291     0.00471321
   0.0500203       0.780814       0.642162      -0.435081     0.00231584
   0.0495201       0.475622       0.768771      -0.252261     0.00538753
   0.0490249       0.685091       0.680701       -0.39025     0.00303256
   0.0485347       0.555235       0.747404      -0.296419     0.00373105
   0.0480493       0.711231       0.690174      -0.392692       0.004424
   0.0475688       0.833957       0.532645      -0.365258     0.00395226
   0.0470931        0.76185       0.736922      -0.381942     0.00544564
   0.0466222       0.797731       0.640167      -0.438786     0.00337056
    0.046156       0.813098       0.677409      -0.415472     0.00410404
   0.0456944       0.786236       0.602916      -0.444225     0.00213345
   0.0452375       0.713033       0.610974      -0.414108     0.00230095
   0.0447851        0.83766        0.65906      -0.431278     0.00347158
   0.0443372       0.704004       0.539066      -0.364579     0.00399937
   0.0438939       0.768233        0.63676      -0.437127     0.00286766
   0.0434549       0.790022       0.650408      -0.431318     0.00320741
   0.0430204       0.722866        0.69142      -0.403442     0.00480495
   0.0425902       0.813316        0.60349      -0.442677     0.00258332
   0.0421643       0.741458       0.634814      -0.426961      0.0024474
   0.0417426       0.685698        0.74529      -0.353369     0.00556909
   0.0413252       0.583082       0.742972      -0.313022     0.00429098
    0.040912       0.588199       0.753596      -0.318258     0.00429597
   0.0405028       0.559074       0.767505      -0.303503     0.00458622
   0.0400978        0.43714       0.862352      -0.265079     0.00616156
   0.0396968       0.424317       0.861074      -0.260063     0.00582732
   0.0392999        0.25719       0.940757      -0.250057     0.00710061
   0.0389069       0.175426       0.885454      -0.209036     0.00494179
   0.0385178      0.0312473       0.936714      -0.247324      0.0054249
   0.0381326       0.148333       0.955732      -0.248362     0.00570829
   0.0377513       0.151334       0.892679      -0.209229     0.00500602
   0.0373738        0.23266       0.848429      -0.198945     0.00396654
       0.037       0.267394       0.932957      -0.254885     0.00544475
     0.03663       0.233133       0.927361      -0.247231     0.00569974
   0.0362637       0.415144       0.974547      -0.233224     0.00972604
   0.0359011       0.513761       0.951092      -0.248794      0.0119569
   0.0355421       0.455095       0.866269      -0.265513     0.00602228
   0.0351867       0.443796       0.942139      -0.255269     0.00926471
   0.0348348       0.588344        0.86008      -0.278241     0.00766508
   0.0344865       0.521244       0.852128      -0.269804     0.00808038
   0.0341416       0.678484        0.87434      -0.264405      0.0112032
   0.0338002       0.607356       0.931297      -0.231467      0.0109802
   0.0334622       0.474428       0.860595      -0.280003     0.00517046
   0.0331276       0.594726       0.790256      -0.312356     0.00574818
   0.0327963       0.598645       0.823483      -0.305031     0.00614431
   0.0324683        0.71064       0.722717      -0.379414     0.00467812
   0.0321436       0.773055       0.689691      -0.402312     0.00592648
   0.0318222       0.762694        0.63886      -0.435787     0.00265971
    0.031504       0.749286       0.623001      -0.427391     0.00402685
   0.0311889        0.84525        0.65019      -0.423408     0.00399431
    0.030877        0.81611       0.670626      -0.430102      0.0037873
   0.0305683       0.670095       0.573798      -0.370685     0.00290474
   0.0302626       0.707294       0.637722      -0.413413     0.00215114
     0.02996       0.767601       0.702289      -0.404143     0.00457443
   0.0296604       0.726973       0.612773      -0.426001     0.00208304
   0.0293638       0.785298       0.585681      -0.441575     0.00253328
   0.0290701       0.759037       0.634655       -0.43321     0.00258682
   0.0287794       0.792907       0.571462      -0.426851     0.00267322
   0.0284916       0.777405       0.575466       -0.43159     0.00266612
   0.0282067       0.804488       0.600916       -0.44114      0.0024047
   0.0279246       0.824684        0.67944      -0.416891     0.00426974
   0.0276454       0.742076       0.576529      -0.421682     0.00268107
   0.0273689       0.723574       0.630109       -0.42243      0.0025459
   0.0270953       0.763219       0.581652       -0.42952      0.0024879
   0.0268243       0.717046       0.620299      -0.419552     0.00212881
   0.0265561        0.79161        0.57198      -0.430463     0.00263519
   0.0262905       0.819926       0.561725       -0.41444      0.0029164
   0.0260276       0.720739       0.578663      -0.412346     0.00265738
   0.0257673       0.694748       0.553982      -0.372088     0.00368331
   0.0255096       0.790937       0.624534      -0.442083     0.00232161
   0.0252546       0.790464       0.682031      -0.418864     0.00441447
    0.025002       0.769174       0.613152      -0.440724      0.0025672
    0.024752       0.767527       0.639131      -0.437802     0.00241438
   0.0245045       0.738975       0.648764      -0.432278     0.00240351
   0.0242594       0.768893       0.614541      -0.441065      0.0025597
   0.0240168        0.80772       0.590645      -0.436052     0.00285589
   0.0237767       0.814478       0.574348      -0.428348     0.00306293
   0.0235389       0.844205       0.606922      -0.437077     0.00255809
   0.0233035       0.883074        0.61927      -0.413722      0.0036358
   0.0230705       0.818188       0.636022      -0.443879     0.00239569
   0.0228398       0.668553        0.58273      -0.376812      0.0031916
   0.0226114       0.698518        0.67434      -0.399765     0.00348145
   0.0223853       0.742645       0.611996      -0.436288     0.00273005
   0.0221614       0.727677       0.577176      -0.413097     0.00322208
   0.0219398       0.757371       0.604657      -0.436743      0.0020313
   0.0217204       0.722502       0.641145      -0.420006     0.00252474
   0.0215032       0.707129       0.627153      -0.417007     0.00227559
   0.0212882       0.769779       0.627833      -0.442453     0.00254134
   0.0210753       0.734881       0.713332      -0.393568     0.00464354
   0.0208645       0.699574       0.655512       -0.40338     0.00237146
   0.0206559       0.680083       0.625794      -0.391024     0.00272277
   0.0204493       0.717639       0.652428      -0.416386     0.00255578
   0.0202448         0.7061        0.67215      -0.406806     0.00404325
   0.0200424       0.747383       0.678094      -0.417061      0.0031286
   0.0198419        0.72497       0.640757       -0.42162     0.00239667
   0.0196435       0.765858       0.629022      -0.442064     0.00205585
   0.0194471       0.793523       0.641039      -0.440736     0.00261182
   0.0192526       0.784415       0.614583       -0.44498     0.00238461
   0.0190601        0.72068       0.623281      -0.423878     0.00202451
   0.0188695       0.736955       0.631059      -0.428568      0.0024474
   0.0186808        0.76036       0.623263      -0.442612     0.00219318
    0.018494       0.728193       0.653156      -0.416612     0.00294616
   0.0183091       0.700868       0.610406      -0.412874     0.00260182
    0.018126       0.677137       0.610792      -0.387876     0.00260077
   0.0179447       0.743445       0.679262      -0.418037     0.00309853
   0.0177653       0.682211       0.641098      -0.402411     0.00273787
   0.0175876       0.729058       0.612116      -0.421442     0.00279122
   0.0174117       0.751329       0.623022      -0.434649     0.00247587
   0.0172376       0.759589       0.656341      -0.434191     0.00277959
   0.0170652       0.745077       0.704866      -0.396256     0.00413201
   0.0168946       0.831053       0.646595      -0.436711     0.00444182
   0.0167256        0.80332       0.631452      -0.443824     0.00238483
   0.0165584       0.772048       0.609899      -0.442157     0.00222708
   0.0163928       0.771479       0.621612       -0.44311      0.0022067
   0.0162289       0.789295       0.614685      -0.446835     0.00208981
   0.0160666       0.720497         0.6556      -0.417326     0.00205387
   0.0159059       0.754667       0.639876      -0.434595       0.002701
   0.0157469       0.729411       0.608808       -0.42637     0.00244531
   0.0155894       0.745079        0.61285      -0.434132     0.00235301
   0.0154335       0.707849       0.580892       -0.40129     0.00268165
   0.0152792       0.725399       0.636717      -0.424663     0.00246156
   0.0151264       0.829817       0.647155      -0.435835     0.00373869
   0.0149751        0.82816        0.66306      -0.417831     0.00478115
   0.0148254        0.88125        0.67848      -0.378242     0.00684238
   0.0146771       0.892057       0.585146      -0.407964     0.00295334
   0.0145303       0.877096       0.595412      -0.416061     0.00312107
    0.014385       0.868825       0.588068       -0.41987     0.00274542
   0.0142412       0.857313       0.609456      -0.433388     0.00279693
   0.0140988       0.817959       0.661697      -0.425483     0.00400337
   0.0139578       0.826907       0.610743      -0.441115     0.00299168
   0.0138182       0.847623       0.626545      -0.435085     0.00306615
     0.01368       0.867338       0.619276      -0.428022     0.00328666
   0.0135432        0.86745       0.655961      -0.410006     0.00475812
   0.0134078       0.882886       0.584185      -0.415311     0.00310645
   0.0132737       0.894727       0.597789      -0.409363     0.00311645
    0.013141       0.838316       0.635274      -0.435578     0.00315821
   0.0130096       0.800435        0.68598      -0.408754      0.0045236
   0.0128795       0.791647       0.680538      -0.418626     0.00383947
   0.0127507        0.78941       0.663508      -0.432649      0.0033264
   0.0126232       0.809032       0.637199       -0.44541     0.00271333
   0.0124969       0.777021       0.623723      -0.448114     0.00237847
    0.012372       0.833882       0.646077      -0.441575     0.00295585
   0.0122482       0.808666       0.612533      -0.444512     0.00240244
   0.0121258       0.841784       0.580704      -0.427612     0.00281003
   0.0120045       0.814594       0.568898      -0.425174     0.00322318
   0.0118845       0.815983       0.604836      -0.440809     0.00267965
   0.0117656       0.807652       0.605517      -0.433555     0.00336112
    0.011648       0.774009       0.625777      -0.445393     0.00232948
   0.0115315       0.787062       0.586792      -0.438234     0.00227117
   0.0114162       0.785523       0.613872      -0.444352     0.00220534
    0.011302       0.753613       0.600165      -0.431592      0.0021532
    0.011189       0.761149       0.619052      -0.439181     0.00206928
   0.0110771       0.779764       0.617685      -0.440028     0.00332969
   0.0109663        0.82376       0.609028      -0.446435     0.00245134
   0.0108567       0.813059       0.599443      -0.442532     0.00234753
   0.0107481       0.824417       0.642159      -0.445962     0.00268519
   0.0106406       0.802485       0.659393      -0.435821     0.00263563
   0.0105342       0.812065       0.654836      -0.435726     0.00335462
   0.0104289       0.811112        0.62944      -0.444629     0.00241539
   0.0103246       0.808111       0.631903      -0.440331     0.00308632
   0.0102213       0.791031       0.599335      -0.443329     0.00268847
   0.0101191       0.795977       0.620171      -0.444337     0.00252121
   0.0100179       0.817861       0.605328      -0.444789     0.00219848
